highlands={
	location=320
	color={
		220 138 57 
	}
	inland=yes
	outgoing={
		name="southern_interior"
		path={
			294 292 76 77 
		}
		control={
			2947.000000 1730.000000 
		}
	}
	outgoing={
		name="dunland"
		path={
			319 315 314 313 251 252 
		}
		control={
			3049.000000 1692.000000 3066.000000 1688.000000 3074.000000 1692.000000 
		}
	}
	outgoing={
		name="achakk_td"
		path={
			309 308 304 302 323 325 334 336 339 
		}
		control={
			2898.000000 1682.000000 
		}
	}
	members={
		288 289 290 291 292 293 294 295 296 297 298 299 300 301 302 303 304 305 306 307 308 309 310 311 312 313 314 315 316 317 318 319 320 
	}
}
isschi_td={
	location=1769
	outgoing={
		name="vehk_td"
		path={
			1392 1396 1398 1400 1401 
		}
		control={
			2783.000000 1930.000000 2725.000000 1926.000000 
		}
	}
	outgoing={
		name="north_varland"
		path={
			1392 1258 14 20 21 
		}
		control={
			2829.000000 1910.000000 2840.000000 1911.000000 2854.000000 1909.000000 2872.000000 1922.000000 2901.000000 1917.000000 
		}
	}
	outgoing={
		name="othal_td"
		path={
			1392 1393 1394 1762 1777 1778 1780 1781 1782 1783 1864 1863 1862 1860 1855 1854 1853 1852 1849 
		}
		control={
			2817.000000 1888.000000 2808.000000 1868.000000 2803.000000 1859.000000 2774.000000 1850.000000 2780.000000 1833.000000 2756.000000 1786.000000 
		}
	}
	members={
		1751 1752 1753 1754 1755 1756 1757 1758 1759 1760 1761 1762 1763 1764 1765 1766 1767 1768 1769 1770 1771 1772 1773 1774 1775 1776 1777 1778 1779 1780 1781 1782 1783 1784 1785 1786 1787 1788 1789 
	}
}
bradzd_td={
	location=1935
	outgoing={
		name="great_forest_td"
		path={
			1938 1942 1941 2442 2445 2448 2451 2452 2460 2463 2470 
		}
		control={
			2733.000000 1731.000000 
		}
	}
	outgoing={
		name="othal_td"
		path={
			1938 1940 1939 1861 1860 1855 1854 1853 1852 1849 
		}
		control={
			2739.000000 1784.000000 2766.000000 1777.000000 
		}
	}
	outgoing={
		name="doom_td"
		path={
			1938 1947 1948 1950 1951 1983 1985 
		}
		control={
			2691.000000 1822.000000 2660.000000 1795.000000 2635.000000 1788.000000 
		}
	}
	outgoing={
		name="orkal_plain_td"
		control={
			2690.000000 1836.000000 
		}
	}
	members={
		1873 1874 1875 1876 1930 1931 1932 1933 1934 1935 1936 1937 1938 1939 1940 1941 1942 1943 1944 1945 1947 1948 1949 1950 2145 2146 2147 
	}
}
ogolr_td={
	location=2091
	inland=yes
	outgoing={
		name="black_coast_td"
		control={
			2535.000000 1861.000000 
		}
	}
	outgoing={
		name="orkal_plain_td"
		control={
			2655.000000 1848.000000 
		}
	}
	members={
		2000 2001 2002 2003 2004 2060 2061 2063 2087 2088 2089 2090 2091 2092 2093 2094 2095 2096 2097 
	}
}
maul_td={
	location=2043
	inland=yes
	outgoing={
		name="orkal_plain_td"
		control={
			2680.000000 1862.000000 
		}
	}
	outgoing={
		name="black_coast_td"
		control={
			2613.000000 1906.000000 
		}
	}
	members={
		2042 2043 2044 2045 2046 2047 2048 2049 2050 2051 2052 2053 2054 2055 2056 2057 2058 2059 2064 2065 2066 2067 
	}
}
orkal_plain_td={
	location=2077
	inland=yes
	outgoing={
		name="doom_td"
		control={
			2645.000000 1810.000000 
		}
	}
	outgoing={
		name="vehk_td"
		control={
			2696.000000 1895.000000 
		}
	}
	members={
		2033 2034 2036 2035 2037 2038 2039 2040 2041 2062 2068 2069 2070 2071 2072 2073 2074 2075 2076 2077 2078 2079 2080 2081 2082 2083 2084 2085 2086 
	}
}
vehk_td={
	location=1401
	outgoing={
		name="black_coast_td"
		control={
			2617.000000 1955.000000 
		}
	}
	members={
		1869 1870 1871 1872 1877 1878 1879 1880 1881 1882 2020 2021 2022 2023 2024 2025 2026 2027 2028 2029 2030 2031 2032 1401 
	}
}
black_coast_td={
	location=1408
	outgoing={
		name="trereborg_td"
		control={
			2523.000000 1846.000000 
		}
	}
	members={
		1992 1993 1994 1995 1996 1997 1998 1999 2005 2006 2007 2008 2009 2010 2011 2013 2012 2014 2015 2016 2017 2018 2019 1865 1866 1867 1868 1408 
	}
}
doom_td={
	location=1985
	outgoing={
		name="trereborg_td"
		control={
			2618.000000 1791.000000 2571.000000 1785.000000 2531.000000 1783.000000 
		}
	}
	outgoing={
		name="gorsand_td"
		control={
			2589.760010 1722.489990 
		}
	}
	outgoing={
		name="duskvale_td"
		control={
			2589.000000 1699.000000 
		}
	}
	members={
		1970 1971 1972 1973 1974 1975 1976 1978 1979 1980 1981 1982 1983 1984 1985 1986 1987 1988 1989 1990 1991 2098 2099 2100 2101 2144 2148 2149 2150 2151 2152 1946 1951 
	}
}
trereborg_td={
	location=1411
	outgoing={
		name="gorsand_td"
		control={
			2477.000000 1751.000000 
		}
	}
	members={
		1952 1953 1954 1955 1956 1957 1958 1959 1960 1961 1962 1963 1964 1965 1966 1967 1968 1969 1977 1411 
	}
}
great_forest_td={
	location=2470
	inland=yes
	outgoing={
		name="achakk_td"
		control={
			2791.000000 1685.000000 
		}
	}
	outgoing={
		name="altvar_td"
		control={
			2772.000000 1719.000000 
		}
	}
	outgoing={
		name="dongar_td"
		control={
			2683.000000 1587.000000 
		}
	}
	outgoing={
		name="astaena_td"
		control={
			2744.000000 1564.000000 
		}
	}
	members={
		2442 2443 2444 2445 2446 2447 2448 2449 2450 2451 2452 2453 2454 2455 2456 2457 2458 2459 2460 2461 2462 2463 2464 2465 2466 2467 2468 2469 2470 2471 2472 2473 2474 2475 2476 2477 2478 2479 2480 2481 2482 2483 2484 2485 2486 2487 2488 2489 2490 2491 2492 
	}
}
achakk_td={
	location=339
	inland=yes
	outgoing={
		name="laurien_td"
		path={
			336 359 363 365 
		}
		control={
			2873.000000 1638.000000 
		}
	}
	outgoing={
		name="altvar_td"
		control={
			2823.000000 1678.000000 
		}
	}
	members={
		321 322 323 324 325 326 327 328 329 330 331 332 333 334 335 336 337 338 339 340 341 342 343 344 345 346 347 348 349 350 351 352 353 354 
	}
}
othal_td={
	location=1849
	inland=yes
	outgoing={
		name="jarlgraf_bay"
		control={
			2827.000000 1747.000000 2833.000000 1765.000000 2823.000000 1773.000000 2841.000000 1787.000000 
		}
	}
	outgoing={
		name="altvar_td"
		control={
			2794.000000 1751.000000 2822.000000 1741.000000 
		}
	}
	members={
		1815 1816 1818 1819 1820 1821 1844 1846 1845 1847 1848 1849 1850 1851 1852 1853 1854 1855 1856 1857 1858 1859 1860 1861 1862 1863 1864 
	}
}
altvar_td={
	location=1831
	inland=yes
	outgoing={
		name="yothelheim_td"
		control={
			2829.000000 1739.000000 2845.000000 1730.000000 
		}
	}
	members={
		1812 1813 1814 1822 1823 1824 1825 1826 1827 1828 1829 1830 1831 1832 1833 1834 1835 1836 1837 1838 1839 1840 1841 1842 1843 
	}
}
yothelheim_td={
	location=1800
	inland=yes
	outgoing={
		name="southern_interior"
		control={
			2876.000000 1725.000000 2884.000000 1738.000000 2894.000000 1754.000000 
		}
	}
	members={
		1790 1791 1792 1793 1794 1795 1796 1797 1798 1799 1800 1801 1802 1803 1804 1805 1806 1807 1808 1809 1810 1811 1817 
	}
}
gorsand_td={
	location=2138
	outgoing={
		name="indrys_td"
		control={
			2458.000000 1734.000000 2446.000000 1675.000000 
		}
	}
	members={
		2102 2103 2104 2105 2106 2107 2108 2109 2110 2111 2112 2113 2114 2115 2116 2117 2118 2119 2120 2121 2122 2123 2124 2125 2126 2127 2128 2129 2130 2131 2132 2133 2134 2135 2136 2137 2138 2139 2140 2141 2142 2143 
	}
}
indrys_td={
	location=2165
	outgoing={
		name="akhtadza_td"
		control={
			2448.000000 1660.000000 
		}
	}
	outgoing={
		name="almorr_td"
		control={
			2534.000000 1643.000000 
		}
	}
	members={
		2153 2154 2155 2156 2157 2158 2159 2160 2161 2162 2163 2164 2165 2166 2167 2168 2169 2170 2171 2172 2173 2174 2175 2176 2177 2178 2179 2180 2181 2182 2183 2184 
	}
}
akhtadza_td={
	location=1419
	outgoing={
		name="almorr_td"
		control={
			2468.000000 1571.000000 2531.000000 1550.000000 
		}
	}
	outgoing={
		name="seawatch_td"
		control={
			2450.000000 1572.000000 
		}
	}
	members={
		2244 2245 2246 2247 2248 2249 2250 2251 2252 2253 2254 2255 2256 2257 2258 2259 2260 2261 2262 2263 1419 
	}
}
duskvale_td={
	location=2192
	inland=yes
	outgoing={
		name="almorr_td"
		control={
			2542.000000 1611.000000 
		}
	}
	members={
		2190 2191 2192 2193 2194 2195 2196 2197 2198 2199 2200 2201 2202 2203 2204 2205 2206 2207 2208 2209 2210 2211 2212 2213 2214 2215 2216 2217 2223 2225 2227 2228 2229 
	}
}
almorr_td={
	location=2239
	outgoing={
		name="seawatch_td"
		control={
			2541.000000 1550.000000 2463.000000 1566.000000 
		}
	}
	members={
		2186 2185 2188 2187 2189 2218 2219 2220 2221 2222 2224 2226 2230 2231 2232 2233 2234 2235 2236 2237 2238 2239 2240 2241 2242 2243 
	}
}
astaena_td={
	location=2507
	inland=yes
	outgoing={
		name="sylt_td"
		control={
			2707.000000 1508.000000 2685.000000 1513.000000 2644.000000 1497.000000 
		}
	}
	outgoing={
		name="treegate_td"
		control={
			2780.000000 1464.000000 
		}
	}
	outgoing={
		name="falansyr_td"
		control={
			2743.000000 1475.000000 
		}
	}
	members={
		2493 2494 2495 2496 2497 2498 2499 2500 2501 2502 2503 2504 2505 2506 2507 2509 2508 2510 2518 2519 2520 2531 2532 2543 
	}
}
treegate_td={
	location=2529
	inland=yes
	outgoing={
		name="lower_syllos_td"
		control={
			2848.000000 1459.000000 
		}
	}
	outgoing={
		name="falansyr_td"
		control={
			2764.000000 1454.000000 
		}
	}
	outgoing={
		name="cidersprings_td"
		control={
			2802.000000 1415.000000 2845.000000 1368.000000 
		}
	}
	members={
		2521 2522 2523 2524 2525 2526 2527 2528 2529 2530 2545 2546 2551 2552 2553 2554 2568 2569 2570 2571 2572 
	}
}
falansyr_td={
	location=2538
	inland=yes
	outgoing={
		name="avanakt_td"
		control={
			2701.000000 1416.000000 
		}
	}
	outgoing={
		name="cidersprings_td"
		control={
			2789.000000 1428.000000 2844.000000 1370.000000 
		}
	}
	members={
		2511 2512 2513 2514 2515 2516 2517 2533 2534 2535 2536 2539 2537 2538 2540 2541 2542 2544 2547 2548 2550 2549 2555 2556 2557 2558 2559 2560 2561 2562 
	}
}
cidersprings_td={
	location=674
	inland=yes
	outgoing={
		name="highwater_td"
		control={
			2851.000000 1364.000000 
		}
	}
	members={
		673 674 675 676 677 2563 2564 2566 2565 2567 2573 2574 2575 2576 
	}
}
anandogowe_td={
	location=2685
	inland=yes
	outgoing={
		name="dusk_td"
		control={
			2625.000000 1358.000000 
		}
	}
	outgoing={
		name="taraal_td"
		control={
			2739.000000 1312.000000 
		}
	}
	outgoing={
		name="five_lakes_td"
		control={
			2619.000000 1264.000000 
		}
	}
	outgoing={
		name="sipih_ochakik_td"
		control={
			2677.000000 1257.000000 
		}
	}
	outgoing={
		name="matene_td"
		control={
			2605.000000 1339.000000 
		}
	}
	members={
		2679 2680 2681 2682 2683 2684 2685 2719 2726 2737 2738 2739 2732 
	}
}
dusk_td={
	location=2622
	inland=yes
	outgoing={
		name="kanata_sgaw_td"
		control={
			2588.000000 1403.000000 2533.000000 1388.000000 
		}
	}
	outgoing={
		name="avanakt_td"
		control={
			2663.000000 1403.000000 
		}
	}
	members={
		2601 2602 2603 2604 2605 2606 2607 2608 2609 2610 2611 2612 2613 2614 2615 2616 2617 2618 2619 2620 2621 2622 2623 2624 2625 2626 2627 2628 2629 2630 2631 2632 2633 2634 
	}
}
avanakt_td={
	location=2591
	inland=yes
	outgoing={
		name="palemarsh_td"
		control={
			2614.000000 1434.000000 
		}
	}
	members={
		2579 2580 2581 2582 2583 2584 2585 2586 2587 2588 2589 2590 2591 2592 2593 2594 2595 2596 2597 2598 2599 2600 
	}
}
sajental_td={
	location=1424
	outgoing={
		name="dongar_td"
		control={
			2575.000000 1512.000000 2571.000000 1538.000000 
		}
	}
	outgoing={
		name="sylt_td"
		control={
			2590.000000 1490.000000 
		}
	}
	outgoing={
		name="palemarsh_td"
		control={
			2555.000000 1464.000000 
		}
	}
	outgoing={
		name="uteya_td"
		control={
			2526.000000 1456.000000 
		}
	}
	members={
		2298 2299 2300 2301 2302 2303 2339 2340 2341 2342 1424 
	}
}
dongar_td={
	location=2425
	outgoing={
		name="sylt_td"
		control={
			2575.000000 1540.000000 
		}
	}
	outgoing={
		name="seawatch_td"
		control={
			2564.000000 1541.000000 2509.000000 1558.000000 2456.000000 1560.000000 
		}
	}
	members={
		2406 2407 2408 2409 2410 2411 2412 2413 2414 2415 2416 2417 2418 2419 2420 2421 2422 2423 2424 2425 2426 2427 2428 2429 2430 2431 2432 2433 2434 2435 2436 2437 2438 2439 2440 2441 
	}
}
palemarsh_td={
	location=2364
	outgoing={
		name="sylt_td"
		control={
			2564.000000 1466.000000 
		}
	}
	outgoing={
		name="uteya_td"
		control={
			2560.000000 1461.000000 2524.000000 1454.000000 
		}
	}
	outgoing={
		name="kanata_sgaw_td"
		control={
			2556.000000 1457.000000 2492.000000 1431.000000 
		}
	}
	members={
		2343 2344 2345 2346 2347 2348 2349 2350 2351 2352 2353 2354 2355 2356 2357 2358 2364 2365 2366 2367 2369 2368 2370 2371 2372 2373 
	}
}
sylt_td={
	location=2384
	outgoing={
		name="uteya_td"
		control={
			2530.000000 1451.000000 
		}
	}
	members={
		2359 2360 2361 2362 2363 2374 2375 2376 2377 2378 2379 2380 2381 2382 2383 2384 2385 2386 2387 2388 2389 2390 2391 2392 2393 2394 2395 2396 2397 2398 2399 2400 2401 2402 2403 2404 2405 
	}
}
seawatch_td={
	location=2289
	outgoing={
		name="uteya_td"
		control={
			2443.000000 1547.000000 2421.000000 1519.000000 
		}
	}
	outgoing={
		name="aethoin_coast_td"
		control={
			2434.000000 1542.000000 2406.000000 1499.000000 2416.000000 1464.000000 
		}
	}
	members={
		2282 2283 2284 2285 2286 2287 2288 2289 2290 2291 2292 2293 2294 2295 2296 2297 2308 2311 2310 2312 2319 2318 2317 
	}
}
uteya_td={
	location=2332
	outgoing={
		name="aethoin_coast_td"
		control={
			2459.000000 1492.000000 
		}
	}
	members={
		2304 2305 2306 2307 2309 2313 2314 2315 2316 2320 2325 2326 2327 2328 2329 2330 2331 2332 2333 2334 2335 2336 2337 2338 
	}
}
aethoin_coast_td={
	location=1429
	outgoing={
		name="kanata_sgaw_td"
		control={
			2449.000000 1401.000000 
		}
	}
	members={
		2264 2265 2266 2267 2268 2269 2270 2271 2272 2273 2274 2275 2276 2277 2278 2279 2280 2281 2321 2322 2323 2324 1429 
	}
}
sipih_ochakik_td={
	location=2744
	inland=yes
	outgoing={
		name="stone_bay_td"
		control={
			2616.000000 1178.000000 2624.000000 1094.000000 
		}
	}
	outgoing={
		name="five_lakes_td"
		control={
			2604.000000 1214.000000 
		}
	}
	outgoing={
		name="taraal_td"
		control={
			2732.000000 1265.000000 
		}
	}
	members={
		2741 2742 2743 2744 2745 2746 2747 2749 2750 2757 2759 2760 2761 2764 
	}
}
matene_td={
	location=2693
	inland=yes
	outgoing={
		name="five_lakes_td"
		control={
			2563.000000 1294.000000 2554.000000 1219.000000 
		}
	}
	outgoing={
		name="merchant_coast_td"
		control={
			2509.000000 1273.000000 2477.000000 1267.000000 
		}
	}
	outgoing={
		name="kanata_sgaw_td"
		control={
			2507.000000 1273.000000 2469.000000 1275.000000 2460.000000 1377.000000 
		}
	}
	members={
		2686 2691 2692 2693 2694 2695 2696 2697 2698 2702 2703 2710 2711 2709 2714 2713 
	}
}
kanata_sgaw_td={
	location=2661
	outgoing={
		name="merchant_coast_td"
		control={
			2460.000000 1372.000000 
		}
	}
	outgoing={
		name="katlamak_td"
		control={
			2451.000000 1380.000000 2435.000000 1326.000000 
		}
	}
	members={
		2654 2655 2656 2657 2658 1926 2660 2661 2662 2663 2664 2665 2666 2667 2668 2669 2670 2671 2672 2673 2674 2675 2676 2677 2678 
	}
}
katlamak_td={
	location=1451
	outgoing={
		name="merchant_coast_td"
		control={
			2414.000000 1271.000000 2442.000000 1263.000000 
		}
	}
	members={
		2635 2636 2637 2638 2639 2640 2641 2642 2643 2644 2645 2646 2647 2648 2649 2650 2651 2652 2653 1451 
	}
}
five_lakes_td={
	location=2752
	inland=yes
	outgoing={
		name="merchant_coast_td"
		control={
			2553.000000 1195.000000 2503.000000 1177.000000 2462.000000 1222.000000 
		}
	}
	members={
		2712 2715 2716 2718 2717 2720 2722 2721 2727 2729 2723 2724 2725 2728 2730 2731 2733 2734 2735 2736 2740 2748 2751 2752 2753 2754 2755 2756 2758 2762 2763 2765 2766 
	}
}
merchant_coast_td={
	location=2700
	outgoing={
		name="spiceport_td"
		control={
			2479.000000 1189.000000 2526.000000 1152.000000 2538.000000 1123.000000 2526.000000 1096.000000 2500.000000 1080.000000 2494.000000 1022.000000 2561.000000 1020.000000 
		}
	}
	members={
		2687 2688 2689 2690 2699 2700 2701 2704 2705 2706 2707 2708 2767 2768 2769 2770 
	}
}
spiceport_td={
	location=1453
	outgoing={
		name="stone_bay_td"
		control={
			2621.000000 1068.000000 
		}
	}
	members={
		2771 2772 2773 2774 2775 2776 2777 2778 2779 2780 2781 2782 2783 2784 2785 2786 2787 2788 2789 2790 2791 2792 2793 2794 2795 2796 2797 2798 2799 2800 2801 2802 2803 2804 2805 2806 2807 2808 2809 2810 2811 2812 2813 2814 2815 2816 2817 2818 1453 
	}
}
stone_bay_td={
	location=1454
	outgoing={
		name="doron_td"
		control={
			2676.000000 1104.000000 2691.000000 1121.000000 2687.000000 1142.000000 2707.000000 1187.000000 2723.000000 1210.000000 
		}
	}
	members={
		2819 2820 2821 2822 2823 2824 2825 2826 2827 2828 2829 2830 2831 2832 2833 2834 2835 2836 2837 2838 2839 2840 2841 2842 2843 2844 2845 1454 
	}
}
bhakdawar_td={
	location=2862
	outgoing={
		name="doron_td"
		control={
			2691.000000 1090.000000 2693.000000 1115.000000 2689.000000 1142.000000 2716.000000 1199.000000 2766.000000 1229.000000 
		}
	}
	members={
		2854 2855 2856 2857 2858 2859 2860 2861 2862 2863 2864 2865 2866 2867 2868 2869 2870 2871 2872 2873 2874 2875 2876 2877 2878 2879 2880 2881 2882 2883 2884 2885 
	}
}
taraal_td={
	location=2917
	outgoing={
		name="doron_td"
		control={
			2792.000000 1262.000000 
		}
	}
	members={
		2577 2578 2902 2910 2911 2912 2913 2914 2915 2916 2917 2918 2919 2920 2921 2922 2923 2924 2925 2926 2927 2928 2929 2930 2931 2932 2933 2934 2935 2936 2937 2938 2939 2940 2941 2942 
	}
}
nuqitut={
	location=1208
	color={
		190 70 70 
	}
	outgoing={
		name="drengyr"
		path={
			1300 1264 1232 149 
		}
		control={
			3184.000000 1934.000000 3113.000000 1926.000000 3047.000000 1928.000000 
		}
	}
	outgoing={
		name="hreimgild"
		path={
			1300 1264 1307 1217 183 
		}
		control={
			3186.000000 1906.000000 
		}
	}
	members={
		1190 1191 1192 1193 1194 1195 1196 1197 1198 1199 1200 1201 1202 1203 1204 1205 1206 1207 1208 1209 1210 1211 1212 1213 1214 1300 1301 1302 1304 1305 1306 
	}
}
dunland={
	location=252
	color={
		193 26 14 
	}
	inland=yes
	outgoing={
		name="black_bay"
		path={
			248 247 244 1328 
		}
		control={
			3099.000000 1709.000000 
		}
	}
	outgoing={
		name="avanshyre"
		path={
			250 273 282 271 296 
		}
		control={
			3094.000000 1665.000000 
		}
	}
	members={
		224 223 225 232 236 233 234 238 239 240 241 242 249 248 250 251 252 273 274 
	}
}
ywekan_sea={
	location=1325
	color={
		218 215 56 
	}
	outgoing={
		name="hreimgild"
		path={
			1319 1318 1317 1316 183 
		}
		control={
			3260.000000 1745.000000 
		}
	}
	outgoing={
		name="black_bay"
		path={
			1319 1318 1327 1328 
		}
		control={
			3271.000000 1738.000000 
		}
	}
	members={
		186 187 188 189 190 191 192 193 196 197 198 199 200 201 202 203 204 205 206 207 208 209 210 211 212 213 214 215 216 217 218 1312 1313 1314 1319 1320 1321 1322 1323 1324 1325 1331 1332 1333 1334 1335 1336 
	}
}
black_bay={
	location=1328
	color={
		36 132 247 
	}
	outgoing={
		name="avanshyre"
		path={
			1327 1329 1340 
		}
		control={
			3165.000000 1713.000000 
		}
	}
	outgoing={
		name="hreimgild"
		path={
			1327 1317 1316 183 
		}
		control={
			3169.000000 1743.000000 3146.000000 1795.000000 
		}
	}
	members={
		226 227 228 229 230 231 235 237 243 244 245 246 247 253 254 258 259 260 262 263 264 265 257 256 255 266 1317 1326 1327 1328 1329 1330 
	}
}
avanshyre={
	location=1340
	color={
		57 160 101 
	}
	outgoing={
		name="grayle_td"
		path={
			276 279 280 582 583 
		}
		control={
			3117.000000 1620.000000 
		}
	}
	outgoing={
		name="tradeshore_td"
		path={
			1341 1342 
		}
		control={
			3153.000000 1594.000000 
		}
	}
	members={
		267 272 268 261 269 270 271 275 276 277 278 279 280 281 282 283 284 285 286 287 1339 1340 
	}
}
drengyr={
	location=149
	color={
		40 45 60 
	}
	outgoing={
		name="varsk_sea"
		path={
			1262 1265 1267 
		}
		control={
			3035.000000 1912.000000 
		}
	}
	members={
		126 127 128 129 130 131 132 133 134 135 136 137 138 139 140 141 142 143 144 145 146 147 148 149 150 151 1259 1263 1749 1748 1750 1747 1746 
	}
}
north_varland={
	location=21
	color={
		84 162 167 
	}
	outgoing={
		name="varsk_sea"
		path={
			19 17 1254 1255 1267 
		}
		control={
			2933.000000 1862.000000 2976.000000 1853.000000 2997.000000 1852.000000 3021.000000 1853.000000 
		}
	}
	members={
		1 2 3 4 5 6 7 8 9 10 11 12 13 14 15 16 17 18 19 20 21 22 23 24 25 26 27 28 29 30 31 32 33 34 35 36 37 38 39 40 1258 1260 1254 1742 1743 1744 1745 
	}
}
southern_interior={
	location=77
	color={
		255 128 64 
	}
	inland=yes
	outgoing={
		name="jarlgraf_bay"
		path={
			75 74 88 70 64 1252 
		}
		control={
			2919.000000 1777.000000 
		}
	}
	outgoing={
		name="tjalle"
		path={
			75 18 81 159 160 162 173 1251 178 
		}
		control={
			3042.000000 1772.000000 3082.000000 1772.000000 
		}
	}
	members={
		66 67 68 69 70 71 72 73 74 75 76 77 78 79 80 81 82 87 88 89 90 95 96 97 98 99 155 156 157 158 170 159 160 161 162 
	}
}
jarlgraf_bay={
	location=1252
	color={
		191 87 197 
	}
	outgoing={
		name="varsk_sea"
		path={
			1253 1256 1255 1267 
		}
		control={
			2911.000000 1811.000000 2936.000000 1835.000000 2996.000000 1826.000000 3028.000000 1841.000000 
		}
	}
	members={
		41 42 43 44 45 46 47 48 49 50 51 52 53 54 55 56 57 58 59 60 61 62 63 64 65 83 84 85 86 91 92 93 94 100 101 102 1252 1253 
	}
}
tjalle={
	location=178
	color={
		51 69 168 
	}
	outgoing={
		name="varsk_sea"
		path={
			1269 1270 1266 1267 
		}
		control={
			3103.000000 1798.000000 
		}
	}
	members={
		152 153 154 163 164 165 166 167 168 169 171 172 173 174 175 176 177 178 179 180 181 1269 1270 
	}
}
varsk_sea={
	location=1267
	color={
		201 185 131 
	}
	outgoing={
		name="hreimgild"
		path={
			1266 1271 183 
		}
		control={
			3146.000000 1832.000000 
		}
	}
	members={
		103 104 105 106 107 108 109 110 111 112 113 114 115 116 117 118 119 120 121 122 123 124 125 1255 1256 1261 1264 1265 1267 1268 
	}
}
hreimgild={
	location=183
	color={
		54 167 156 
	}
	members={
		182 183 184 185 194 195 219 220 221 222 1271 1266 1307 1315 1316 1318 
	}
	end=yes
}
laurien_td={
	location=365
	color={
		210 46 28 
	}
	inland=yes
	outgoing={
		name="northlands_td"
		path={
			367 368 424 437 449 
		}
		control={
			2934.000000 1618.000000 
		}
	}
	outgoing={
		name="rossland_td"
		path={
			367 373 376 428 429 479 482 
		}
		control={
			2924.000000 1575.000000 
		}
	}
	outgoing={
		name="upper_syllos_td"
		path={
			367 373 376 381 383 389 388 391 
		}
		control={
			2889.000000 1577.000000 
		}
	}
	members={
		355 356 357 358 359 360 361 362 363 364 365 366 367 368 369 370 371 372 373 374 375 376 
	}
}
northlands_td={
	location=449
	color={
		193 192 14 
	}
	inland=yes
	outgoing={
		name="karsan_td"
		path={
			453 459 461 
		}
		control={
			2987.000000 1593.000000 
		}
	}
	outgoing={
		name="grayle_td"
		path={
			454 505 506 504 581 583 
		}
		control={
			3026.000000 1595.000000 
		}
	}
	members={
		421 422 423 424 425 426 437 438 439 441 445 446 447 448 449 450 451 452 453 454 
	}
}
rossland_td={
	location=482
	color={
		97 220 117 
	}
	inland=yes
	outgoing={
		name="karsan_td"
		path={
			475 472 470 466 463 462 461 
		}
		control={
			2971.000000 1546.000000 
		}
	}
	outgoing={
		name="upper_syllos_td"
		path={
			479 429 395 396 391 
		}
		control={
			2877.000000 1516.000000 
		}
	}
	members={
		427 428 429 430 431 473 474 475 476 477 478 479 480 481 482 483 484 485 486 487 488 489 
	}
}
grayle_td={
	location=583
	color={
		193 26 14 
	}
	inland=yes
	outgoing={
		name="karsan_td"
		path={
			581 579 507 508 465 461 
		}
		control={
			3037.000000 1576.000000 
		}
	}
	outgoing={
		name="old_tevan_td"
		path={
			581 579 578 577 520 521 
		}
		control={
			3092.000000 1575.000000 
		}
	}
	outgoing={
		name="tradeshore_td"
		path={
			580 573 571 1341 1342 
		}
		control={
			3135.000000 1586.000000 
		}
	}
	members={
		502 503 504 505 506 507 508 509 511 512 513 514 515 573 574 578 579 580 581 582 583 584 
	}
}
karsan_td={
	location=461
	color={
		114 171 184 
	}
	inland=yes
	outgoing={
		name="murlocke_td"
		path={
			464 467 501 499 497 522 523 
		}
		control={
			2998.000000 1524.000000 
		}
	}
	members={
		432 433 435 434 436 440 442 443 444 455 456 457 458 459 460 461 462 463 464 465 466 467 468 469 470 471 472 
	}
}
upper_syllos_td={
	location=391
	inland=yes
	outgoing={
		name="lower_syllos_td"
		path={
			394 398 399 408 409 410 
		}
		control={
			2872.000000 1517.000000 
		}
	}
	members={
		377 378 379 380 381 382 383 384 385 386 387 388 389 390 391 392 393 394 395 396 397 398 399 400 
	}
}
lower_syllos_td={
	location=410
	inland=yes
	outgoing={
		name="murlocke_td"
		path={
			417 418 420 651 636 523 
		}
		control={
			2992.000000 1458.000000 
		}
	}
	outgoing={
		name="litz_td"
		path={
			417 418 416 656 658 660 662 
		}
		control={
			2944.000000 1427.000000 
		}
	}
	members={
		401 402 403 404 405 406 407 408 409 410 411 412 413 414 415 416 417 418 419 420 
	}
}
old_tevan_td={
	location=521
	inland=yes
	outgoing={
		name="tradeshore_td"
		path={
			576 560 1342 
		}
		control={
			3122.000000 1538.000000 
		}
	}
	outgoing={
		name="murlocke_td"
		path={
			527 526 525 523 
		}
		control={
			3009.000000 1508.000000 
		}
	}
	outgoing={
		name="brongs_td"
		path={
			530 531 532 533 535 539 1344 
		}
		control={
			3080.689941 1482.729980 
		}
	}
	outgoing={
		name="rhydon_td"
		path={
			530 531 532 641 643 646 
		}
		control={
			3071.000000 1465.000000 
		}
	}
	members={
		510 516 517 518 519 520 521 527 528 529 530 531 532 552 553 556 575 576 577 
	}
}
litz_td={
	location=662
	inland=yes
	outgoing={
		name="murlocke_td"
		path={
			660 681 654 638 636 523 
		}
		control={
			2999.000000 1458.000000 
		}
	}
	outgoing={
		name="bergen_td"
		path={
			667 669 716 719 734 736 
		}
		control={
			2941.000000 1347.000000 
		}
	}
	outgoing={
		name="highwater_td"
		path={
			660 681 654 638 636 523 
		}
		control={
			2883.000000 1347.000000 
		}
	}
	members={
		655 656 657 658 659 660 661 662 663 664 665 667 668 669 670 671 681 682 683 684 720 721 722 
	}
}
murlocke_td={
	location=523
	inland=yes
	outgoing={
		name="rhydon_td"
		path={
			524 639 642 645 646 
		}
		control={
			3022.000000 1443.000000 
		}
	}
	members={
		490 491 492 493 494 495 496 497 498 499 500 501 522 523 524 525 526 636 637 638 639 651 652 653 654 
	}
}
rhydon_td={
	location=646
	outgoing={
		name="dalian_coast_td"
		path={
			650 685 691 690 699 1353 1354 712 
		}
		control={
			3058.000000 1342.000000 
		}
	}
	outgoing={
		name="thyesse_td"
		path={
			647 610 609 607 605 599 1350 1349 
		}
		control={
			3085.000000 1366.000000 3148.000000 1356.000000 
		}
	}
	members={
		608 609 610 611 612 640 641 642 643 644 645 646 647 648 649 650 686 687 688 689 690 691 692 693 694 695 696 697 698 685 
	}
}
ouc_edess_td={
	location=628
	outgoing={
		name="thyesse_td"
		path={
			627 1351 1349 
		}
		control={
			3161.000000 1351.000000 
		}
	}
	outgoing={
		name="dalian_coast_td"
		path={
			629 631 1354 712 
		}
		control={
			3138.000000 1356.000000 3093.000000 1351.000000 3089.000000 1331.000000 
		}
	}
	members={
		616 617 618 619 620 621 622 623 624 625 626 627 628 629 630 631 632 633 634 635 1352 1351 1357 1356 
	}
}
thyesse_td={
	location=1349
	outgoing={
		name="brongs_td"
		path={
			598 597 1346 1344 
		}
		control={
			3189.000000 1347.000000 3220.000000 1395.000000 
		}
	}
	members={
		585 586 587 588 589 590 591 592 593 594 595 596 597 598 599 600 601 602 603 604 605 606 607 613 614 615 1349 1350 1348 1347 
	}
}
brongs_td={
	location=1344
	color={
		117 165 188 
	}
	outgoing={
		name="tradeshore_td"
		path={
			1343 1342 
		}
		control={
			3153.000000 1458.000000 3158.000000 1528.000000 
		}
	}
	members={
		533 534 535 536 537 538 539 540 541 542 543 544 545 546 547 1345 1346 1344 1371 1372 1373 
	}
}
bergen_td={
	location=736
	inland=yes
	outgoing={
		name="tanne_river_td"
		path={
			739 744 757 758 762 765 
		}
		control={
			2981.000000 1300.000000 
		}
	}
	members={
		715 716 717 718 719 723 724 725 726 727 728 729 730 731 732 733 734 735 736 737 738 739 740 741 742 743 744 745 746 747 748 749 750 
	}
}
tanne_river_td={
	location=765
	inland=yes
	outgoing={
		name="dalian_coast_td"
		path={
			766 768 770 776 1355 1354 712 
		}
		control={
			3074.000000 1285.000000 3082.000000 1303.000000 3081.000000 1320.000000 
		}
	}
	outgoing={
		name="riverfall_td"
		path={
			762 758 755 754 821 824 
		}
		control={
			2963.000000 1294.000000 2935.000000 1286.000000 
		}
	}
	members={
		666 672 751 752 753 754 755 756 757 758 759 760 761 762 763 765 766 767 768 769 770 771 772 
	}
}
highwater_td={
	location=868
	inland=yes
	outgoing={
		name="riverfall_td"
		path={
			867 866 862 860 859 827 826 825 824 
		}
		control={
			2896.000000 1309.000000 
		}
	}
	outgoing={
		name="rivnyyr_td"
		path={
			867 866 865 863 845 
		}
		control={
			2873.000000 1312.000000 
		}
	}
	members={
		860 861 862 865 864 866 867 868 869 870 871 873 874 875 878 880 882 883 884 858 857 879 
	}
}
rivnyyr_td={
	location=845
	inland=yes
	outgoing={
		name="riverfall_td"
		path={
			853 852 851 849 827 826 825 824 
		}
		control={
			2887.000000 1311.000000 
		}
	}
	outgoing={
		name="doron_td"
		control={
			2825.000000 1273.000000 
		}
	}
	members={
		828 829 831 832 830 838 839 840 841 842 843 844 845 846 850 851 852 853 854 863 881 877 872 876 
	}
}
riverfall_td={
	location=824
	inland=yes
	outgoing={
		name="redwayne_td"
		path={
			823 822 820 806 804 803 802 801 800 791 792 
		}
		control={
			2982.000000 1270.000000 
		}
	}
	members={
		811 812 810 813 814 815 816 817 818 819 820 821 822 823 824 825 826 827 834 835 836 837 848 847 849 855 856 859 833 
	}
}
doron_td={
	location=2906
	outgoing={
		name="tauria_td"
		control={
			2824.000000 1229.000000 
		}
	}
	outgoing={
		name="hava_td"
		control={
			2713.000000 1204.000000 2696.000000 1169.000000 2686.000000 1128.000000 2694.000000 1112.000000 2707.000000 1061.000000 2759.000000 1028.000000 2835.000000 1029.000000 
		}
	}
	members={
		2847 2846 2848 2849 2850 2851 2852 2853 2886 2887 2888 2889 2890 2891 2892 2893 2894 2895 2899 2896 2897 2898 2900 2901 2903 2904 2905 2906 2907 2908 2909 
	}
}
redwayne_td={
	location=792
	outgoing={
		name="dalian_coast_td"
		path={
			738 786 784 781 1358 1355 1354 712 
		}
		control={
			3036.000000 1269.000000 3073.000000 1288.000000 3081.000000 1315.000000 
		}
	}
	outgoing={
		name="goldvale_td"
		path={
			794 788 885 903 
		}
		control={
			3021.000000 1239.000000 
		}
	}
	members={
		773 781 782 783 784 785 786 787 788 789 790 791 792 793 794 795 796 797 798 799 800 801 802 803 804 805 806 807 808 809 1358 
	}
}
sanctum_td={
	location=941
	inland=yes
	outgoing={
		name="goldvale_td"
		path={
			928 927 926 913 912 908 907 906 905 904 903 
		}
		control={
			2938.000000 1220.000000 
		}
	}
	outgoing={
		name="lestia_td"
		path={
			942 947 948 1043 1045 1052 
		}
		control={
			2902.000000 1182.000000 
		}
	}
	outgoing={
		name="tauria_td"
		path={
			946 945 960 961 968 971 
		}
		control={
			2867.000000 1191.000000 
		}
	}
	members={
		922 923 924 925 926 927 928 929 930 931 932 933 934 935 936 937 938 939 940 941 942 945 944 943 946 947 948 949 950 
	}
}
tauria_td={
	location=971
	inland=yes
	outgoing={
		name="lestia_td"
		path={
			973 1019 1203 1022 1027 1054 1053 1052 
		}
		control={
			2903.000000 1126.000000 2920.000000 1144.000000 
		}
	}
	outgoing={
		name="hava_td"
		path={
			973 979 981 1284 990 1007 1008 999 1001 
		}
		control={
			2829.000000 1129.000000 
		}
	}
	members={
		951 952 953 954 955 956 957 958 959 960 961 962 963 964 965 966 967 968 969 970 971 972 973 974 975 976 977 978 979 980 981 982 983 984 987 991 
	}
}
goldvale_td={
	location=903
	inland=yes
	outgoing={
		name="lestia_td"
		path={
			904 905 906 907 908 912 913 915 916 921 1042 1056 1050 1052 
		}
		control={
			2957.000000 1215.000000 
		}
	}
	outgoing={
		name="ganymera_td"
		path={
			891 890 889 888 1359 1360 
		}
		control={
			3094.000000 1213.000000 
		}
	}
	members={
		885 886 889 890 891 892 893 894 895 896 897 898 899 901 903 904 905 906 907 908 909 910 911 912 913 914 915 916 917 918 919 
	}
}
lestia_td={
	location=1052
	inland=yes
	outgoing={
		name="cabrea_td"
		path={
			1050 1046 1047 1048 1063 1283 1065 1128 1129 1126 
		}
		control={
			2975.000000 1147.000000 
		}
	}
	outgoing={
		name="greather_cothone_td"
		path={
			1053 1054 1027 1028 1029 1074 1076 1083 1086 1364 
		}
		control={
			2907.000000 1125.000000 2987.000000 1098.000000 2995.000000 1042.000000 2983.000000 1033.000000 
		}
	}
	members={
		920 921 1017 1018 1019 1020 1021 1022 1023 1024 1025 1026 1027 1028 1029 1042 1043 1044 1045 1046 1047 1048 1049 1050 1051 1052 1053 1054 1055 1056 1057 1058 1059 1060 1061 1062 1063 1064 1067 1068 1069 
	}
}
hava_td={
	location=1001
	outgoing={
		name="greather_cothone_td"
		path={
			1366 1365 1364 
		}
		control={
			2853.000000 1030.000000 
		}
	}
	members={
		985 986 988 989 990 992 993 994 995 996 997 998 999 1000 1001 1002 1003 1004 1005 1006 1007 1008 1009 1010 1011 1012 1013 1014 1015 1016 1366 
	}
}
cabrea_td={
	location=1126
	inland=yes
	outgoing={
		name="greather_cothone_td"
		path={
			1129 1130 1110 1107 1180 1181 1093 1107 1103 1104 1105 1364 
		}
		control={
			2990.000000 1098.000000 2999.000000 1039.000000 
		}
	}
	outgoing={
		name="ganymera_td"
		path={
			1125 1123 1132 1133 1134 1147 1146 1150 1154 1360 
		}
		control={
			3062.000000 1172.000000 3075.000000 1179.000000 3104.000000 1162.000000 
		}
	}
	outgoing={
		name="narcetia_td"
		path={
			1116 1112 1114 119 1120 1169 1180 1181 1178 1362 
		}
		control={
			3041.000000 1074.000000 
		}
	}
	members={
		900 902 1065 1066 1070 1071 1072 1107 1108 1109 1110 1111 1112 1113 1114 1115 1116 1117 1123 1124 1125 1126 1127 1128 1129 1130 1131 1132 1133 1134 1135 1136 1137 1138 1139 1140 
	}
}
ganymera_td={
	location=1360
	outgoing={
		name="narcetia_td"
		path={
			1361 1362 
		}
		control={
			3125.000000 1099.000000 
		}
	}
	members={
		887 888 1141 1142 1143 1144 1145 1146 1147 1148 1149 1150 1151 1152 1153 1154 1155 1156 1157 1158 1159 1160 1359 1360 
	}
}
greather_cothone_td={
	location=1364
	inland=yes
	outgoing={
		name="narcetia_td"
		path={
			1363 1362 
		}
		control={
			3065.000000 1036.000000 
		}
	}
	members={
		1033 1032 1031 1030 1034 1035 1036 1037 1038 1039 1040 1041 1073 1074 1075 1076 1077 1078 1079 1080 1081 1082 1083 1084 1085 1086 1087 1088 1089 1090 1091 1092 1093 1094 1095 1096 1097 1098 1099 1100 1101 1102 1103 1104 1105 1106 1365 1364 
	}
}
tradeshore_td={
	location=1342
	members={
		548 549 550 551 554 555 557 558 559 560 561 562 563 564 565 566 567 568 569 570 571 572 1341 1342 1343 1367 1338 1337 1368 1369 
	}
	end=yes
}
dalian_coast_td={
	location=712
	members={
		699 700 701 702 703 704 705 706 707 708 709 710 711 712 713 714 764 775 774 776 777 778 780 779 1353 1354 1355 
	}
	end=yes
}
narcetia_td={
	location=1362
	members={
		1118 1119 1120 1121 1122 1161 1162 1163 1164 1165 1166 1167 1168 1169 1170 1171 1172 1173 1174 1175 1176 1177 1178 1179 1180 1181 1182 1183 1184 1185 1186 1187 1188 1189 1363 1362 1361 
	}
	end=yes
}
