highlands={
	location=320
	color={
		220 138 57 
	}
	inland=yes
	outgoing={
		name="southern_interior"
		path={
			294 292 76 77 
		}
		control={
			2947.000000 1730.000000 
		}
	}
	outgoing={
		name="black_bay"
		path={
			319 315 314 313 251 252 
		}
		control={
			3049.000000 1692.000000 3066.000000 1688.000000 3074.000000 1692.000000 
		}
	}
	outgoing={
		name="achakk_td"
		path={
			309 308 304 302 323 325 334 336 339 
		}
		control={
			2898.000000 1682.000000 
		}
	}
	members={
		288 289 290 291 292 293 294 295 296 297 298 299 300 301 302 303 304 305 306 307 308 309 310 311 312 313 314 315 316 317 318 319 320 
	}
}
isschi_td={
	location=1769
	outgoing={
		name="vehk_td"
		path={
			1392 1396 1398 1400 1401 
		}
		control={
			2783.000000 1930.000000 2725.000000 1926.000000 
		}
	}
	outgoing={
		name="north_varland"
		path={
			1392 1258 14 20 21 
		}
		control={
			2829.000000 1910.000000 2840.000000 1911.000000 2854.000000 1909.000000 2872.000000 1922.000000 2901.000000 1917.000000 
		}
	}
	outgoing={
		name="othal_td"
		path={
			1392 1393 1394 1762 1777 1778 1780 1781 1782 1783 1864 1863 1862 1860 1855 1854 1853 1852 1849 
		}
		control={
			2817.000000 1888.000000 2808.000000 1868.000000 2803.000000 1859.000000 2774.000000 1850.000000 2780.000000 1833.000000 2756.000000 1786.000000 
		}
	}
	members={
		1751 1752 1753 1754 1755 1756 1757 1758 1759 1760 1761 1762 1763 1764 1765 1766 1767 1768 1769 1770 1771 1772 1773 1774 1775 1776 1777 1778 1779 1780 1781 1782 1783 1784 1785 1786 1787 1788 1789 
	}
}
bradzd_td={
	location=1935
	outgoing={
		name="great_forest_td"
		path={
			1938 1942 1941 2442 2445 2448 2451 2452 2460 2463 2470 
		}
		control={
			2727.000000 1746.000000 
		}
	}
	outgoing={
		name="othal_td"
		path={
			1938 1940 1939 1861 1860 1855 1854 1853 1852 1849 
		}
		control={
			2739.000000 1784.000000 2766.000000 1777.000000 
		}
	}
	outgoing={
		name="trereborg_td"
		path={
			1938 1947 1948 1950 1951 1983 1985 
		}
		control={
			2691.000000 1822.000000 2660.000000 1795.000000 2601.000000 1782.000000 2555.000000 1781.000000 2535.000000 1781.000000 
		}
	}
	outgoing={
		name="orkal_plain_td"
		path={
			1934 1896 2041 2077 
		}
		control={
			2690.000000 1836.000000 
		}
	}
	members={
		1930 1931 1932 1933 1934 1935 1936 1937 1938 1939 1940 1941 1942 1943 1944 1945 1947 1948 1949 1950 2145 2146 2147 2076 2077 2078 2079 2080 2081 2082 2083 2033 2034 2036 2035 
	}
}
orkal_plain_td={
	location=2077
	inland=yes
	outgoing={
		name="trereborg_td"
		path={
			2078 2083 2084 2085 1899 1986 1900 1985 
		}
		control={
			2645.000000 1810.000000 2624.000000 1791.000000 2568.000000 1786.000000 2536.000000 1784.000000 2517.000000 1790.000000 
		}
	}
	outgoing={
		name="vehk_td"
		path={
			2040 2038 2032 2030 1878 1401 
		}
		control={
			2696.000000 1895.000000 
		}
	}
	outgoing={
		name="black_coast_td"
		path={
			2065 2049 2050 2019 2018 2013 1408 
		}
		control={
			2613.000000 1906.000000 
		}
	}
	members={
		2037 2038 2039 2040 2041 2062 2068 2069 2070 2071 2072 2073 2074 2075 2084 2085 2086 2042 2043 2044 2045 2046 2056 2057 2058 2059 2064 2065 2066 2067 2060 2061 2063 2087 2088 2089 2090 2091 2092 2093 2094 2095 2096 2097 2077 
	}
}
vehk_td={
	location=1401
	outgoing={
		name="black_coast_td"
		path={
			1403 1405 2016 2015 1408 
		}
		control={
			2617.000000 1955.000000 
		}
	}
	members={
		1869 1870 1871 1872 1877 1878 1879 1880 1881 1882 2020 2021 2022 2023 2024 2025 2026 2027 2028 2029 2030 2031 2032 1401 1873 1874 1875 1876 2047 2048 2049 2050 
	}
}
black_coast_td={
	location=1408
	outgoing={
		name="trereborg_td"
		path={
			1409 1993 1992 1969 1968 1411 
		}
		control={
			2523.000000 1846.000000 
		}
	}
	members={
		1992 1993 1994 1995 1996 1997 1998 1999 2005 2006 2007 2008 2009 2010 2011 2013 2012 2014 2015 2016 2017 2018 2019 1865 1866 1867 1868 1408 2051 2052 2053 2054 2055 2000 2001 2002 2003 2004 
	}
}
trereborg_td={
	location=1411
	outgoing={
		name="gorsand_td"
		path={
			1956 1414 2112 2116 2138 
		}
		control={
			2477.000000 1751.000000 
		}
	}
	outgoing={
		name="duskvale_td"
		path={
			1983 2099 2100 2101 2103 2133 2203 2207 2196 2195 2192 
		}
		control={
			2462.000000 1757.000000 2525.000000 1754.000000 2574.000000 1762.000000 2594.000000 1724.000000 2583.000000 1683.000000 
		}
	}
	members={
		1952 1953 1954 1955 1956 1957 1958 1959 1960 1961 1962 1963 1964 1965 1966 1967 1968 1969 1977 1411 1970 1971 1972 1973 1974 1975 1976 1978 1979 1980 1981 1982 1983 1984 1985 1986 1987 1988 1989 1990 1991 2098 2099 2100 2101 2144 2148 2149 2150 2151 2152 1946 1951 
	}
}
great_forest_td={
	location=2470
	inland=yes
	outgoing={
		name="achakk_td"
		path={
			2472 2471 2453 2454 2457 2456 346 347 337 339 
		}
		control={
			2791.000000 1685.000000 
		}
	}
	outgoing={
		name="altvar_td"
		path={
			2472 2471 2453 2454 2455 1917 1825 1830 1831 
		}
		control={
			2772.000000 1719.000000 
		}
	}
	outgoing={
		name="dongar_td"
		path={
			2477 2480 2481 2482 2439 2429 2425 
		}
		control={
			2683.000000 1587.000000 
		}
	}
	outgoing={
		name="astaena_td"
		path={
			2475 2486 2489 2490 2494 2497 2502 2507 
		}
		control={
			2744.000000 1564.000000 
		}
	}
	members={
		2442 2443 2444 2445 2446 2447 2448 2449 2450 2451 2452 2453 2454 2455 2456 2457 2458 2459 2460 2461 2462 2463 2464 2465 2466 2467 2468 2469 2470 2471 2472 2473 2474 2475 2476 2477 2478 2479 2480 2481 2482 2483 2484 2485 2486 2487 2488 2489 2490 2491 2492 
	}
}
achakk_td={
	location=339
	inland=yes
	outgoing={
		name="laurien_td"
		path={
			336 359 363 365 
		}
		control={
			2873.000000 1638.000000 
		}
	}
	outgoing={
		name="altvar_td"
		path={
			338 331 345 1822 1918 1831 
		}
		control={
			2823.000000 1678.000000 
		}
	}
	members={
		321 322 323 324 325 326 327 328 329 330 331 332 333 334 335 336 337 338 339 340 341 342 343 344 345 346 347 348 349 350 351 352 353 354 
	}
}
othal_td={
	location=1849
	inland=yes
	outgoing={
		name="jarlgraf_bay"
		path={
			1883 51 52 1252 
		}
		control={
			2827.000000 1747.000000 2833.000000 1765.000000 2823.000000 1773.000000 2841.000000 1787.000000 
		}
	}
	outgoing={
		name="altvar_td"
		path={
			1848 1847 1845 1844 1815 1812 1831 
		}
		control={
			2794.000000 1751.000000 2822.000000 1741.000000 
		}
	}
	members={
		1815 1816 1818 1819 1820 1821 1844 1846 1845 1847 1848 1849 1850 1851 1852 1853 1854 1855 1856 1857 1858 1859 1860 1861 1862 1863 1864 
	}
}
altvar_td={
	location=1831
	inland=yes
	outgoing={
		name="yothelheim_td"
		path={
			1918 1890 1801 1800 
		}
		control={
			2829.000000 1739.000000 2845.000000 1730.000000 
		}
	}
	members={
		1812 1813 1814 1822 1823 1824 1825 1826 1827 1828 1829 1830 1831 1832 1833 1834 1835 1836 1837 1838 1839 1840 1841 1842 1843 
	}
}
yothelheim_td={
	location=1800
	inland=yes
	outgoing={
		name="southern_interior"
		path={
			1793 1790 1892 76 77 
		}
		control={
			2876.000000 1725.000000 2884.000000 1738.000000 2894.000000 1754.000000 
		}
	}
	members={
		1790 1791 1792 1793 1794 1795 1796 1797 1798 1799 1800 1801 1802 1803 1804 1805 1806 1807 1808 1809 1810 1811 1817 
	}
}
gorsand_td={
	location=2138
	outgoing={
		name="indrys_td"
		path={
			2132 2129 2128 2125 2156 2157 2164 2165 
		}
		control={
			2458.000000 1734.000000 2446.000000 1675.000000 
		}
	}
	members={
		2102 2103 2104 2105 2106 2107 2108 2109 2110 2111 2112 2113 2114 2115 2116 2117 2118 2119 2120 2121 2122 2123 2124 2125 2126 2127 2128 2129 2130 2131 2132 2133 2134 2135 2136 2137 2138 2139 2140 2141 2142 2143 
	}
}
indrys_td={
	location=2165
	outgoing={
		name="akhtadza_td"
		path={
			2168 2260 2258 1905 2252 1419 
		}
		control={
			2448.000000 1660.000000 
		}
	}
	outgoing={
		name="almorr_td"
		path={
			2168 1237 2219 2221 2232 2235 2239 
		}
		control={
			2534.000000 1643.000000 
		}
	}
	members={
		2153 2154 2155 2156 2157 2158 2159 2160 2161 2162 2163 2164 2165 2166 2167 2168 2169 2170 2171 2172 2173 2174 2175 2176 2177 2178 2179 2180 2181 2182 2183 2184 
	}
}
akhtadza_td={
	location=1419
	outgoing={
		name="almorr_td"
		path={
			2247 1906 2233 2234 2240 2239 
		}
		control={
			2468.000000 1571.000000 2531.000000 1550.000000 
		}
	}
	outgoing={
		name="seawatch_td"
		path={
			2246 1421 2289 
		}
		control={
			2450.000000 1572.000000 
		}
	}
	members={
		2244 2245 2246 2247 2248 2249 2250 2251 2252 2253 2254 2255 2256 2257 2258 2259 2260 2261 2262 2263 1419 
	}
}
duskvale_td={
	location=2192
	inland=yes
	outgoing={
		name="almorr_td"
		path={
			2190 2223 2224 2226 2231 2237 2239 
		}
		control={
			2542.000000 1611.000000 
		}
	}
	members={
		2190 2191 2192 2193 2194 2195 2196 2197 2198 2199 2200 2201 2202 2203 2204 2205 2206 2207 2208 2209 2210 2211 2212 2213 2214 2215 2216 2217 2223 2225 2227 2228 2229 
	}
}
almorr_td={
	location=2239
	outgoing={
		name="seawatch_td"
		path={
			1422 2311 2297 1238 2289 
		}
		control={
			2541.000000 1550.000000 2463.000000 1566.000000 
		}
	}
	members={
		2186 2185 2188 2187 2189 2218 2219 2220 2221 2222 2224 2226 2230 2231 2232 2233 2234 2235 2236 2237 2238 2239 2240 2241 2242 2243 
	}
}
astaena_td={
	location=2507
	inland=yes
	outgoing={
		name="sylt_td"
		path={
			2506 2499 2500 1244 2379 2380 2391 2392 2384 
		}
		control={
			2707.000000 1508.000000 2685.000000 1513.000000 2644.000000 1497.000000 
		}
	}
	outgoing={
		name="falansyr_td"
		path={
			2509 2531 2534 2536 2538 
		}
		control={
			2743.000000 1475.000000 
		}
	}
	members={
		2493 2494 2495 2496 2497 2498 2499 2500 2501 2502 2503 2504 2505 2506 2507 2509 2508 2510 2518 2519 2520 2531 2532 2543 2533 2534 2544 2547 2548 2535 2536 2539 2537 2538 2541 2511 2512 2513 2514 2515 2516 2517 
	}
}
falansyr_td={
	location=2538
	inland=yes
	outgoing={
		name="dusk_td"
		path={
			2539 2541 2592 2591 
		}
		control={
			2701.000000 1416.000000 
		}
	}
	outgoing={
		name="syllos_td"
		path={
			2528 2522 403 410 
		}
		control={
			2848.000000 1459.000000 
		}
	}
	outgoing={
		name="cidersprings_td"
		path={
			2555 2562 2564 2566 2571 2572 680 674 
		}
		control={
			2789.000000 1428.000000 2844.000000 1370.000000 
		}
	}
	members={
		2540 2542 2550 2549 2555 2556 2557 2558 2559 2560 2561 2562 2521 2522 2523 2524 2525 2526 2527 2528 2529 2530 2545 2546 2551 2552 2553 2554 2568 2569 2570 2571 2572 2563 2564 2566 2565 2567 2538 
	}
}
sipih_ochakik_td={
	location=2744
	inland=yes
	outgoing={
		name="stone_bay_td"
		path={
			2750 1248 2835 1247 2827 2824 2822 1454 
		}
		control={
			2616.000000 1178.000000 2624.000000 1094.000000 
		}
	}
	outgoing={
		name="five_lakes_td"
		path={
			2749 2756 2755 2752 
		}
		control={
			2604.000000 1214.000000 
		}
	}
	outgoing={
		name="taraal_td"
		path={
			2743 2911 2915 2921 2924 2917 
		}
		control={
			2732.000000 1265.000000 
		}
	}
	outgoing={
		name="dusk_td"
		path={
			2684 2680 2623 2622 
		}
		control={
			2625.000000 1358.000000 
		}
	}
	members={
		2741 2742 2743 2744 2745 2746 2747 2749 2750 2757 2759 2760 2761 2764 2679 2680 2681 2682 2683 2684 2685 2719 2726 2737 2738 2739 2732 
	}
}
dusk_td={
	location=2622
	inland=yes
	outgoing={
		name="kanata_sgaw_td"
		path={
			2631 2632 2628 2627 1239 2654 2660 2661 
		}
		control={
			2588.000000 1403.000000 2533.000000 1388.000000 
		}
	}
	outgoing={
		name="palemarsh_td"
		path={
			2588 2584 2583 2370 2352 2351 2364 
		}
		control={
			2614.000000 1434.000000 
		}
	}
	members={
		2601 2602 2603 2604 2605 2606 2607 2608 2609 2610 2611 2612 2613 2614 2615 2616 2617 2618 2619 2620 2621 2622 2623 2624 2625 2626 2627 2628 2629 2630 2631 2632 2633 2634 2579 2580 2581 2582 2583 2584 2585 2586 2587 2588 2589 2590 2591 2592 2593 2594 2595 2596 2597 2598 2599 2600 
	}
}
dongar_td={
	location=2425
	outgoing={
		name="sylt_td"
		path={
			2426 2405 2398 2399 2384 
		}
		control={
			2575.000000 1540.000000 
		}
	}
	outgoing={
		name="seawatch_td"
		path={
			2424 2417 2414 2413 2419 1422 2311 2297 1238 2289 
		}
		control={
			2564.000000 1541.000000 2509.000000 1558.000000 2456.000000 1560.000000 
		}
	}
	members={
		2406 2407 2408 2409 2410 2411 2412 2413 2414 2415 2416 2417 2418 2419 2420 2421 2422 2423 2424 2425 2426 2427 2428 2429 2430 2431 2432 2433 2434 2435 2436 2437 2438 2439 2440 2441 
	}
}
palemarsh_td={
	location=2364
	outgoing={
		name="sylt_td"
		path={
			2357 2359 2360 2387 2386 2385 2384 
		}
		control={
			2564.000000 1466.000000 
		}
	}
	outgoing={
		name="aethoin_coast_td"
		path={
			2356 2354 1426 1424 2336 2338 2334 2332 
		}
		control={
			2549.000000 1456.000000 2495.000000 1428.000000 
		}
	}
	outgoing={
		name="kanata_sgaw_td"
		path={
			2347 2345 2344 2343 2654 2660 2661 
		}
		control={
			2556.000000 1457.000000 2492.000000 1431.000000 
		}
	}
	members={
		2343 2344 2345 2346 2347 2348 2349 2350 2351 2352 2353 2354 2355 2356 2357 2358 2364 2365 2366 2367 2369 2368 2370 2371 2372 2373 
	}
}
sylt_td={
	location=2384
	outgoing={
		name="aethoin_coast_td"
		path={
			1425 1424 2336 2338 2334 2332 
		}
		control={
			2530.000000 1451.000000 2482.000000 1432.000000 
		}
	}
	members={
		2359 2360 2361 2362 2363 2374 2375 2376 2377 2378 2379 2380 2381 2382 2383 2384 2385 2386 2387 2388 2389 2390 2391 2392 2393 2394 2395 2396 2397 2398 2399 2400 2401 2402 2403 2404 2405 2298 2299 2300 2301 2302 2303 2339 2340 2341 2342 1424 
	}
}
seawatch_td={
	location=2289
	outgoing={
		name="aethoin_coast_td"
		path={
			2288 2287 2284 2282 2272 2268 1429 
		}
		control={
			2434.000000 1542.000000 2406.000000 1499.000000 2416.000000 1464.000000 
		}
	}
	members={
		2282 2283 2284 2285 2286 2287 2288 2289 2290 2291 2292 2293 2294 2295 2296 2297 2308 2311 2310 2312 2319 2318 2317 2304 2305 2306 2307 2309 2313 2314 2315 2316 2320 
	}
}
aethoin_coast_td={
	location=1429
	outgoing={
		name="kanata_sgaw_td"
		path={
			1428 2655 2661 
		}
		control={
			2449.000000 1401.000000 
		}
	}
	members={
		2264 2265 2266 2267 2268 2269 2270 2271 2272 2273 2274 2275 2276 2277 2278 2279 2280 2281 2321 2322 2323 2324 1429 2325 2326 2327 2328 2329 2330 2331 2332 2333 2334 2335 2336 2337 2338 
	}
}
kanata_sgaw_td={
	location=2661
	outgoing={
		name="merchant_coast_td"
		path={
			2670 2668 2687 1437 2699 2700 
		}
		control={
			2460.000000 1372.000000 
		}
	}
	outgoing={
		name="katlamak_td"
		path={
			2670 2667 1436 1451 
		}
		control={
			2451.000000 1380.000000 2435.000000 1326.000000 
		}
	}
	members={
		2654 2655 2656 2657 2658 1926 2660 2661 2662 2663 2664 2665 2666 2667 2668 2669 2670 2671 2672 2673 2674 2675 2676 2677 2678 2695 2686 2694 
	}
}
katlamak_td={
	location=1451
	outgoing={
		name="merchant_coast_td"
		path={
			1438 2700 
		}
		control={
			2414.000000 1271.000000 2442.000000 1263.000000 
		}
	}
	members={
		2635 2636 2637 2638 2639 2640 2641 2642 2643 2644 2645 2646 2647 2648 2649 2650 2651 2652 2653 1451 
	}
}
five_lakes_td={
	location=2752
	inland=yes
	outgoing={
		name="merchant_coast_td"
		path={
			2753 2754 2718 2712 2711 2703 2700 
		}
		control={
			2553.000000 1195.000000 2503.000000 1177.000000 2462.000000 1222.000000 
		}
	}
	members={
		2712 2715 2716 2718 2717 2720 2722 2721 2727 2729 2723 2724 2725 2728 2730 2731 2733 2734 2735 2736 2740 2748 2751 2752 2753 2754 2755 2756 2758 2762 2763 2765 2766 
	}
}
merchant_coast_td={
	location=2700
	outgoing={
		name="spiceport_td"
		path={
			2701 2704 2705 2706 2707 2708 2782 2795 2796 2801 2810 2811 1453 
		}
		control={
			2479.000000 1189.000000 2526.000000 1152.000000 2538.000000 1123.000000 2526.000000 1096.000000 2500.000000 1080.000000 2494.000000 1022.000000 2561.000000 1020.000000 
		}
	}
	members={
		2687 2688 2689 2690 2699 2700 2701 2704 2705 2706 2707 2708 2767 2768 2769 2770 2691 2692 2693 2696 2697 2698 2702 2703 2710 2711 2709 2714 2713 
	}
}
balabag_td={
	location=3686
	outgoing={
		name="khaleesh_td"
		path={
			3685 3681 3660 3645 3644 3639 3626 
		}
		control={
			2466.000000 527.000000 2424.000000 628.000000 2482.000000 672.000000 
		}
	}
	outgoing={
		name="barahun_td"
		path={
			3687 3683 3689 3765 3766 3770 3769 3747 3758 3759 
		}
		control={
			2565.000000 505.000000 2610.000000 480.000000 2679.000000 465.000000 2729.000000 448.000000 2745.000000 450.000000 
		}
	}
	outgoing={
		name="krattang_td"
		path={
			3687 3688 3690 1638 
		}
		control={
			2475.000000 507.000000 2548.000000 433.000000 2600.000000 405.000000 2621.000000 339.000000 
		}
	}
	members={
		3680 3681 3682 3683 3684 3685 3686 3687 3688 3689 3690 3717 3718 3719 3765 1641 4127 4128 4129 
	}
}
khaleesh_td={
	location=3626
	inland=yes
	outgoing={
		name="north_handaan_td"
		path={
			3627 3628 3629 
		}
		control={
			2520.000000 726.000000 
		}
	}
	outgoing={
		name="crippled_hand_td"
		path={
			3622 3621 3620 3613 3606 3605 3581 
		}
		control={
			2441.000000 711.000000 2367.000000 771.000000 2336.000000 805.000000 
		}
	}
	members={
		3625 3626 3627 3638 3639 3640 3641 3642 3643 3644 3645 3646 3647 3648 3650 3666 3667 3668 3669 3675 3676 3670 3634 3664 3662 3663 3661 3660 3658 3659 3649 1640 3614 3615 3616 3617 3618 3619 3621 3622 3623 3624 3635 3636 3637 3665 3657 3653 3652 3651 3654 3655 3656 1639 
	}
}
north_handaan_td={
	location=3629
	inland=yes
	outgoing={
		name="mehedruhn_td"
		path={
			3673 3631 3632 3677 3498 3510 3509 3526 3525 
		}
		control={
			2582.000000 735.000000 2630.000000 747.000000 2669.000000 773.000000 2714.000000 785.000000 2742.000000 773.000000 
		}
	}
	outgoing={
		name="crippled_hand_td"
		path={
			3610 3609 3608 3607 3580 3581 
		}
		control={
			2494.000000 790.000000 2451.000000 805.000000 2432.000000 828.000000 2382.000000 837.000000 
		}
	}
	outgoing={
		name="bluethorn_td"
		path={
			3630 3565 1630 1632 3474 3471 
		}
		control={
			2491.000000 828.000000 2589.679932 873.609985 2604.000000 917.000000 
		}
	}
	members={
		3561 3562 3563 3564 3565 3566 3567 3568 3569 3570 3571 3608 3609 3610 3611 3612 3629 3628 3630 3631 3632 3677 3633 3671 3672 3673 3674 1630 1631 3613 3620 
	}
}
crippled_hand_td={
	location=3581
	outgoing={
		name="spiceport_td"
		path={
			3580 3579 3577 1477 1445 1453 
		}
		control={
			2381.000000 864.000000 2405.000000 920.000000 2480.000000 991.000000 2576.000000 1020.000000 
		}
	}
	members={
		3572 3573 3574 3575 3576 3577 3578 3579 3580 3581 3582 3583 3584 3585 3586 3587 3588 3589 3590 3591 3592 3593 3594 3595 3596 3597 3598 3599 3600 3601 3602 3603 3604 3605 3606 3607 1637 1636 1477 
	}
}
mathi_avales_td={
	location=3558
	outgoing={
		name="bluethorn_td"
		path={
			1628 1634 3471 
		}
		control={
			2733.000000 883.000000 2672.000000 910.000000 
		}
	}
	outgoing={
		name="hava_td"
		path={
			3559 3560 3546 3545 3539 3520 3484 1480 
		}
		control={
			2739.000000 901.000000 2777.000000 1003.000000 2839.000000 1023.000000 
		}
	}
	outgoing={
		name="mehedruhn_td"
		path={
			3557 3556 3553 3552 3504 3514 3525 
		}
		control={
			2726.000000 859.000000 2707.000000 798.000000 
		}
	}
	members={
		3529 3530 3531 3532 3533 3534 3535 3536 3537 3538 3539 3540 3541 3542 3543 3544 3545 3546 3547 3548 3549 3550 3551 3552 3553 3554 3555 3556 3557 3558 3559 3560 3520 3518 3519 3522 3521 1628 1627 1625 1624 
	}
}
bluethorn_td={
	location=3471
	outgoing={
		name="spiceport_td"
		path={
			1633 1384 1453 
		}
		control={
			2621.000000 940.000000 2617.000000 979.000000 2611.000000 1014.000000 
		}
	}
	members={
		3447 3448 3449 3450 3451 3452 3453 3454 3455 3456 3457 3458 3459 3460 3461 3462 3463 3464 3465 3466 3467 3468 3469 3470 3471 3472 3473 1632 1633 1634 1478 3474 
	}
}
mehedruhn_td={
	location=3525
	outgoing={
		name="sugar_coast_td"
		path={
			3523 3516 3492 1616 1607 
		}
		control={
			2807.000000 762.000000 2847.000000 758.000000 2911.000000 763.000000 
		}
	}
	members={
		3492 3493 3494 3495 3496 3497 3498 3499 3500 3501 3502 3503 3504 3505 3506 3507 3508 3509 3510 3511 3512 3513 3514 3515 3516 3523 3524 3525 3526 3527 3528 1629 3679 
	}
}
aken_td={
	location=4061
	outgoing={
		name="slave_shore_td"
		path={
			4062 4063 4064 4065 4066 4067 4077 4076 4075 4071 4072 4030 1617 
		}
		control={
			3360.000000 105.000000 3254.000000 164.000000 3109.000000 135.000000 
		}
	}
	members={
		4055 4056 4057 4058 4059 4060 4061 4062 4063 4064 4065 4066 4067 4068 4069 4070 4071 4072 4074 4075 4076 4077 4078 4079 4080 4081 4082 4083 1621 1620 1619 1618 4048 4049 4050 4051 4052 4053 4054 4084 4085 4086 4087 4088 4089 4090 4091 4092 4093 4094 4095 4096 4097 4098 4099 4100 4073 
	}
}
bashral_td={
	location=3983
	outgoing={
		name="wake_td"
		path={
			1614 1613 
		}
		control={
			3088.000000 243.000000 3238.000000 280.000000 
		}
	}
	outgoing={
		name="seylom_td"
		path={
			3984 3987 3991 4148 3997 4009 4008 4007 4006 
		}
		control={
			2991.000000 256.000000 2934.000000 250.000000 2906.000000 209.000000 2884.000000 189.000000 2859.000000 170.000000 
		}
	}
	outgoing={
		name="dashdan_td"
		path={
			3977 3972 3969 3867 
		}
		control={
			3018.000000 292.000000 3004.000000 305.000000 3007.000000 345.000000 
		}
	}
	outgoing={
		name="slave_shore_td"
		path={
			1614 1615 1617 
		}
		control={
			3021.000000 243.000000 3000.000000 181.000000 
		}
	}
	members={
		3970 3971 3972 3973 3974 3975 3976 3977 3978 3979 3980 3981 3982 3983 3984 3985 3986 3987 3988 3989 3990 3991 3992 3993 3994 3995 3996 3997 3998 3999 3965 1615 1614 
	}
}
slave_shore_td={
	location=1617
	outgoing={
		name="seylom_td"
		path={
			4038 4042 4021 4017 4016 4012 4006 
		}
		control={
			2996.000000 149.000000 2925.000000 114.000000 2866.000000 126.000000 
		}
	}
	outgoing={
		name="wake_td"
		path={
			1488 1613 
		}
		control={
			3128.000000 183.000000 
		}
	}
	members={
		4019 4020 4021 4022 4023 4024 4025 4026 4027 4028 4029 4030 4031 4032 4033 4034 4035 4036 4037 4038 4039 4040 4041 4042 4043 4044 4045 4046 4047 3302 1617 1488 
	}
}
seylom_td={
	location=4006
	inland=yes
	outgoing={
		name="fuad_td"
		path={
			4003 3951 3938 3937 3904 3903 
		}
		control={
			2841.000000 182.000000 2814.000000 221.000000 2800.000000 243.000000 
		}
	}
	outgoing={
		name="lis_td"
		path={
			4004 3957 3955 3954 4106 4107 4108 4109 
		}
		control={
			2832.000000 152.000000 2770.000000 143.000000 2732.000000 145.000000 2678.000000 126.000000 
		}
	}
	members={
		3940 3941 3942 3943 3944 3945 3946 3947 3948 3949 3950 3939 4000 4001 4002 4003 4004 4005 4006 4007 4008 4009 4010 4011 4012 4013 4014 4015 4016 4017 4018 
	}
}
lis_td={
	location=4109
	outgoing={
		name="fuad_td"
		path={
			4108 4107 1643 3903 
		}
		control={
			2671.000000 140.000000 2746.000000 229.000000 
		}
	}
	members={
		3951 3952 3953 3954 3955 3956 3957 3958 3959 3746 4101 4102 4103 4104 4105 4106 4107 4108 4109 4110 4111 4112 4113 4114 4115 4116 4117 4118 4119 4120 4121 4122 4123 4124 1545 
	}
}
barahun_td={
	location=3759
	inland=yes
	outgoing={
		name="krattang_td"
		path={
			3758 3748 3744 3730 3742 3735 3732 3728 
		}
		control={
			2720.000000 414.000000 2701.000000 402.000000 
		}
	}
	outgoing={
		name="erdopor_td"
		path={
			3749 3889 3890 
		}
		control={
			2798.000000 439.000000 
		}
	}
	members={
		3720 3744 3747 3748 3749 3750 3751 3752 3753 3754 3755 3756 3757 3758 3759 3760 3761 3762 3763 3764 3766 3767 3768 3769 3770 3771 3772 3773 3774 3775 3776 3777 3778 
	}
}
krattang_td={
	location=3728
	outgoing={
		name="fuad_td"
		path={
			3729 3899 3900 3918 3907 3908 3909 3906 3903 
		}
		control={
			2666.000000 317.000000 2687.979980 269.970001 2742.000000 240.000000 
		}
	}
	members={
		3711 3745 3721 3722 3723 3724 3725 3726 3727 3728 3729 3730 3731 3732 3733 3734 3735 3736 3737 3738 3739 3740 3741 3742 3743 3891 3892 3893 3894 3916 1642 3691 3692 3693 3694 3695 3696 3697 3698 3699 3700 3701 3702 3703 3704 3705 3706 3707 3708 3709 3710 3712 3713 3714 3715 3716 1638 1544 
	}
}
rhaang_td={
	location=3795
	inland=yes
	outgoing={
		name="oasis_td"
		path={
			3793 3791 3790 3061 
		}
		control={
			3049.000000 543.000000 3062.000000 599.000000 
		}
	}
	outgoing={
		name="erdopor_td"
		path={
			3796 3784 3803 
		}
		control={
			3041.000000 469.000000 
		}
	}
	members={
		3782 3783 3784 3785 3786 3787 3788 3791 3792 3793 3794 3795 3796 3797 3798 3799 3800 3801 3802 
	}
}
khoran_td={
	location=3857
	inland=yes
	outgoing={
		name="erdopor_td"
		path={
			3856 3843 3831 3810 
		}
		control={
			2925.000000 382.000000 2918.000000 401.000000 2898.000000 411.000000 
		}
	}
	outgoing={
		name="dashdan_td"
		path={
			3866 3863 3867 
		}
		control={
			2955.000000 374.000000 2960.000000 357.000000 
		}
	}
	members={
		3851 3852 3853 3854 3855 3856 3857 3858 3859 3860 3861 3866 3865 3882 3884 3842 3841 3843 3832 3833 3864 3804 3848 3824 3849 3850 3826 3825 3835 3834 3838 3837 3836 3887 3888 3839 3840 
	}
}
dashdan_td={
	location=3867
	inland=yes
	outgoing={
		name="fuad_td"
		path={
			3868 3869 3877 3876 3873 3874 
		}
		control={
			2936.000000 333.000000 2883.000000 322.000000 
		}
	}
	members={
		3960 3961 3962 3963 3964 3966 3967 3968 3969 3862 3863 3867 3868 3881 3883 3869 3879 3878 3885 3886 3870 3871 3872 3873 3874 3875 3876 3877 3880 
	}
}
erdopor_td={
	location=3810
	inland=yes
	outgoing={
		name="fuad_td"
		path={
			3816 3819 3820 3821 3822 3823 3889 3890 
		}
		control={
			2882.000000 426.000000 2841.000000 412.000000 2761.000000 402.000000 
		}
	}
	members={
		3809 3810 3811 3812 3813 3814 3815 3816 3817 3818 3819 3820 3779 3780 3845 3844 3831 3830 3829 3781 3805 3803 3806 3807 3846 3847 3808 3821 3822 3823 3828 3827 3889 3890 3895 3896 3897 
	}
}
fuad_td={
	location=3903
	members={
		3899 3900 3901 3902 3903 3904 3905 3906 3907 3908 3909 3910 3911 3912 3913 3917 3918 3920 3921 3922 3933 3936 3937 3938 1643 3931 3932 3934 3935 3929 3926 3930 3898 3914 3915 3919 3923 3927 3928 3925 3924 
	}
	end=yes
}
vittor_td={
	location=3325
	inland=yes
	outgoing={
		name="fayu_td"
		path={
			3324 3305 4149 3175 
		}
		control={
			3202.000000 468.000000 3260.000000 459.000000 3269.000000 486.000000 3258.000000 510.000000 3261.000000 534.000000 
		}
	}
	outgoing={
		name="kajental_td"
		path={
			3330 3352 3422 3425 3310 
		}
		control={
			3189.000000 397.000000 
		}
	}
	members={
		3320 3321 3322 3323 3324 3325 3326 3327 3328 3329 3330 3305 3303 3304 3306 3354 3353 3352 3351 3350 3426 3421 3355 3346 3345 3412 3423 3411 3363 3364 3365 3366 3378 3379 3375 3376 3377 3380 
	}
}
kajental_td={
	location=3310
	inland=yes
	outgoing={
		name="wake_td"
		path={
			3418 3415 3383 3392 3394 3387 3371 1613 
		}
		control={
			3181.000000 356.000000 3182.000000 333.000000 3159.000000 272.000000 
		}
	}
	members={
		3435 3446 3436 3438 3437 3439 3427 3420 3419 3418 3414 3424 3425 3422 3310 3445 3356 3430 3429 3428 3441 3442 3440 3444 3443 3431 3415 3417 3416 3367 3368 3374 3381 3382 3391 3393 3389 3388 3390 3413 
	}
}
wake_td={
	location=1612
	outgoing={
		name="qohojen_td"
		path={
			1489 1611 
		}
		control={
			3320.000000 329.000000 
		}
	}
	members={
		3398 3399 3400 3401 3434 3446 3432 3402 3409 3408 3300 3331 3332 3333 3334 3335 3336 3337 3338 3360 3361 3362 3433 1612 3403 3410 3407 3404 3405 3395 3396 3397 3370 3371 3372 3373 3387 3394 3392 3383 3369 3384 3385 3386 3301 1613 3406 
	}
}
qohojen_td={
	location=1611
	outgoing={
		name="fayu_td"
		path={
			3315 3313 3309 4149 3175 
		}
		control={
			3309.000000 369.000000 3281.000000 440.000000 3267.000000 460.000000 3269.000000 484.000000 3292.000000 502.000000 3291.000000 536.000000 
		}
	}
	outgoing={
		name="cape_of_good_fortune_td"
		path={
			3314 3307 3212 1609 1608 1606 
		}
		control={
			3421.000000 459.000000 3441.000000 521.000000 3479.000000 577.000000 3504.000000 646.000000 3510.000000 699.000000 3563.000000 743.000000 3569.000000 842.000000 
		}
	}
	members={
		3299 3314 3312 3313 3315 3316 3317 3318 3319 3344 3343 3342 3341 3347 3340 3339 3309 3308 3307 3211 3212 3213 3214 3216 1611 1610 1609 3349 3359 3357 3348 3358 
	}
}
fayu_td={
	location=3175
	inland=yes
	outgoing={
		name="oasis_td"
		path={
			4149 3170 3161 3157 3147 
		}
		control={
			3249.000000 555.000000 3222.000000 572.000000 3175.000000 586.000000 
		}
	}
	members={
		3181 3169 3167 3173 3174 3175 3176 3208 3210 3209 
	}
}
cape_of_good_fortune_td={
	location=1603
	outgoing={
		name="qalar_td"
		path={
			1600 1599 
		}
		control={
			3489.000000 864.000000 3390.000000 828.000000 3268.000000 819.000000 
		}
	}
	members={
		3232 3234 3235 3236 3237 3238 3239 3240 3241 3242 3243 3244 3245 3246 3247 3248 3249 3250 3251 3252 3253 3254 3255 3256 3257 3258 3259 3260 3261 3262 3263 3264 3265 3266 3267 1603 1604 1600 3268 3269 3270 3271 3272 3273 3274 3275 3276 3277 3278 3279 3280 3281 3282 3283 3284 3285 3286 3287 3288 3289 3290 3291 3292 3293 3294 3295 3296 3297 3298 3215 3217 3218 3219 1606 1608 
	}
}
oasis_td={
	location=3147
	inland=yes
	outgoing={
		name="sugar_coast_td"
		path={
			3063 3059 3056 3054 3053 3038 3036 3014 1607 
		}
		control={
			3120.000000 619.000000 3032.000000 631.000000 2982.000000 674.000000 2940.000000 689.000000 2924.000000 715.000000 
		}
	}
	outgoing={
		name="qalar_td"
		path={
			3148 3143 3141 3133 3134 1597 
		}
		control={
			3184.000000 661.000000 3191.000000 686.000000 3198.000000 703.000000 3226.000000 712.000000 
		}
	}
	outgoing={
		name="artesh_td"
		path={
			3148 3143 3138 3121 3120 3119 
		}
		control={
			3184.000000 683.000000 3169.000000 737.000000 3192.000000 786.000000 
		}
	}
	members={
		3071 3138 3139 3140 3141 3143 3144 3145 3146 3147 3148 3149 3150 3151 3152 3153 3154 3155 3156 3157 3158 3159 3160 3161 3162 3163 3164 3165 3166 3168 3170 3171 3172 3177 3178 3179 3180 3188 3189 3190 3191 3040 3041 3043 3044 3045 3046 3047 3048 3049 3050 3051 3052 3053 3054 3055 3056 3057 3058 3059 3060 3061 3062 3063 3064 3065 3066 3067 3068 3069 3070 3072 3073 3789 3790 3039 
	}
}
sugar_coast_td={
	location=1607
	outgoing={
		name="arman_td"
		path={
			2988 2985 2982 2980 2975 2971 2961 2959 2951 1592 
		}
		control={
			3074.000000 887.000000 3053.000000 981.000000 3080.000000 1031.000000 
		}
	}
	members={
		3012 3013 3014 3015 3016 3017 3018 3019 3020 3021 3022 3023 3024 3025 3026 3027 3028 3029 3030 3031 3032 3033 3034 3035 3036 3037 3038 3042 1607 1616 1483 1484 2984 2985 2986 2987 2988 2989 2990 2991 2992 2993 2994 2995 2996 2997 2998 2999 3000 3001 3002 3003 3004 3005 3006 3007 3008 3009 3010 3011 1602 
	}
}
artesh_td={
	location=1595
	outgoing={
		name="arman_td"
		path={
			1594 1592 
		}
		control={
			3178.000000 966.000000 
		}
	}
	outgoing={
		name="qalar_td"
		path={
			1596 3095 1597 
		}
		control={
			3256.000000 822.000000 
		}
	}
	members={
		3075 3076 3077 3078 3079 3080 3081 3082 3083 3084 3085 3086 3087 3088 3089 3090 3100 3101 3102 3103 3104 3105 3106 3107 3109 3111 3112 1595 1596 1594 3091 3092 3093 3094 3113 3114 3115 3116 3117 3118 3119 3120 3121 3122 3123 3124 3125 3126 3127 3128 3129 3108 3110 
	}
}
qalar_td={
	location=1597
	outgoing={
		name="arman_td"
		path={
			3095 1596 1595 1594 1592 
		}
		control={
			3259.000000 789.000000 3256.000000 830.000000 3192.000000 894.000000 3164.000000 979.000000 
		}
	}
	members={
		3142 3182 3183 3184 3185 3187 3074 3095 3096 3097 3098 3099 3130 3131 3132 3133 3134 3135 3136 3137 3192 3193 3194 3195 3196 3197 3198 3199 3200 3201 3202 3203 3204 3205 3206 3207 1597 1598 3233 3186 3220 3221 3222 3223 3224 3225 3226 3227 3228 3229 3230 3231 1599 
	}
}
arman_td={
	location=1592
	outgoing={
		name="narcetia_td"
		path={
			1591 1362 
		}
		control={
			3124.000000 1048.000000 
		}
	}
	members={
		2943 2944 2945 2946 2947 2948 2949 2950 2951 2952 2953 2954 2955 2956 2957 2958 2959 2960 2961 2962 2963 2964 2965 2966 2967 2968 2969 2970 2971 2972 2973 2974 2975 2976 2977 2978 2979 2980 2981 2982 2983 1592 1591 1379 1383 1593 1482 
	}
}
spiceport_td={
	location=1453
	outgoing={
		name="stone_bay_td"
		path={
			1384 1454 
		}
		control={
			2621.000000 1068.000000 
		}
	}
	members={
		2771 2772 2773 2774 2775 2776 2777 2778 2779 2780 2781 2782 2783 2784 2785 2786 2787 2788 2789 2790 2791 2792 2793 2794 2795 2796 2797 2798 2799 2800 2801 2802 2803 2804 2805 2806 2807 2808 2809 2810 2811 2812 2813 2814 2815 2816 2817 2818 1453 
	}
}
stone_bay_td={
	location=1454
	outgoing={
		name="doron_td"
		path={
			2823 1455 1910 2873 1911 2893 2895 2907 2906 
		}
		control={
			2676.000000 1104.000000 2691.000000 1121.000000 2687.000000 1142.000000 2707.000000 1187.000000 2723.000000 1210.000000 
		}
	}
	members={
		2819 2820 2821 2822 2823 2824 2825 2826 2827 2828 2829 2830 2831 2832 2833 2834 2835 2836 2837 2838 2839 2840 2841 2842 2843 2844 2845 1454 
	}
}
bhakdawar_td={
	location=2862
	outgoing={
		name="doron_td"
		path={
			2867 1912 2876 2885 1911 2893 2895 2907 2906 
		}
		control={
			2691.000000 1090.000000 2693.000000 1115.000000 2689.000000 1142.000000 2716.000000 1199.000000 2766.000000 1229.000000 
		}
	}
	members={
		2854 2855 2856 2857 2858 2859 2860 2861 2862 2863 2864 2865 2866 2867 2868 2869 2870 2871 2872 2873 2874 2875 2876 2877 2878 2879 2880 2881 2882 2883 2884 2885 
	}
}
taraal_td={
	location=2917
	outgoing={
		name="doron_td"
		path={
			2924 2925 2922 2919 2906 
		}
		control={
			2792.000000 1262.000000 
		}
	}
	members={
		2577 2578 2902 2910 2911 2912 2913 2914 2915 2916 2917 2918 2919 2920 2921 2922 2923 2924 2925 2926 2927 2928 2929 2930 2931 2932 2933 2934 2935 2936 2937 2938 2939 2940 2941 2942 
	}
}
nuqitut={
	location=1208
	color={
		190 70 70 
	}
	outgoing={
		name="drengyr"
		path={
			1300 1264 1232 149 
		}
		control={
			3184.000000 1934.000000 3113.000000 1926.000000 3047.000000 1928.000000 
		}
	}
	outgoing={
		name="hreimgild"
		path={
			1300 1264 1307 1217 183 
		}
		control={
			3186.000000 1906.000000 
		}
	}
	members={
		1190 1191 1192 1193 1194 1195 1196 1197 1198 1199 1200 1201 1202 1203 1204 1205 1206 1207 1208 1209 1210 1211 1212 1213 1214 1300 1301 1302 1304 1305 1306 
	}
}
ywekan_sea={
	location=1325
	color={
		218 215 56 
	}
	outgoing={
		name="hreimgild"
		path={
			1319 1318 1317 1316 183 
		}
		control={
			3260.000000 1745.000000 
		}
	}
	outgoing={
		name="black_bay"
		path={
			1319 1318 1327 1328 
		}
		control={
			3271.000000 1738.000000 
		}
	}
	members={
		186 187 188 189 190 191 192 193 196 197 198 199 200 201 202 203 204 205 206 207 208 209 210 211 212 213 214 215 216 217 218 1312 1313 1314 1319 1320 1321 1322 1323 1324 1325 1331 1332 1333 1334 1335 1336 
	}
}
black_bay={
	location=1328
	color={
		36 132 247 
	}
	outgoing={
		name="avanshyre"
		path={
			1327 1329 1340 
		}
		control={
			3165.000000 1713.000000 
		}
	}
	outgoing={
		name="hreimgild"
		path={
			1327 1317 1316 183 
		}
		control={
			3169.000000 1743.000000 3146.000000 1795.000000 
		}
	}
	members={
		226 227 228 229 230 231 235 237 243 244 245 246 247 253 254 258 259 260 262 263 264 265 257 256 255 266 1317 1326 1327 1328 1329 1330 232 236 233 234 238 239 240 241 242 249 248 250 251 252 273 274 
	}
}
avanshyre={
	location=1340
	color={
		57 160 101 
	}
	outgoing={
		name="old_tevan_td"
		path={
			276 279 280 582 583 
		}
		control={
			3117.000000 1620.000000 3091.000000 1600.000000 3098.000000 1569.000000 3093.000000 1536.000000 
		}
	}
	outgoing={
		name="tradeshore_td"
		path={
			1341 1342 
		}
		control={
			3153.000000 1594.000000 
		}
	}
	members={
		267 272 268 261 269 270 271 275 276 277 278 279 280 281 282 283 284 285 286 287 1339 1340 
	}
}
drengyr={
	location=149
	color={
		40 45 60 
	}
	outgoing={
		name="varsk_sea"
		path={
			1262 1265 1267 
		}
		control={
			3035.000000 1912.000000 
		}
	}
	members={
		126 127 128 129 130 131 132 133 134 135 136 137 138 139 140 141 142 143 144 145 146 147 148 149 150 151 1259 1263 1749 1748 1750 1747 1746 
	}
}
north_varland={
	location=21
	color={
		84 162 167 
	}
	outgoing={
		name="varsk_sea"
		path={
			19 17 1254 1255 1267 
		}
		control={
			2933.000000 1862.000000 2976.000000 1853.000000 2997.000000 1852.000000 3021.000000 1853.000000 
		}
	}
	members={
		1 2 3 4 5 6 7 8 9 10 11 12 13 14 15 16 17 18 19 20 21 22 23 24 25 26 27 28 29 30 31 32 33 34 35 36 37 38 39 40 1258 1260 1254 1742 1743 1744 1745 
	}
}
southern_interior={
	location=77
	color={
		255 128 64 
	}
	inland=yes
	outgoing={
		name="jarlgraf_bay"
		path={
			75 74 88 70 64 1252 
		}
		control={
			2919.000000 1777.000000 
		}
	}
	outgoing={
		name="tjalle"
		path={
			75 18 81 159 160 162 173 1251 178 
		}
		control={
			3042.000000 1772.000000 3082.000000 1772.000000 
		}
	}
	members={
		66 67 68 69 70 71 72 73 74 75 76 77 78 79 80 81 82 87 88 89 90 95 96 97 98 99 155 156 157 158 170 159 160 161 162 
	}
}
jarlgraf_bay={
	location=1252
	color={
		191 87 197 
	}
	outgoing={
		name="varsk_sea"
		path={
			1253 1256 1255 1267 
		}
		control={
			2911.000000 1811.000000 2936.000000 1835.000000 2996.000000 1826.000000 3028.000000 1841.000000 
		}
	}
	members={
		41 42 43 44 45 46 47 48 49 50 51 52 53 54 55 56 57 58 59 60 61 62 63 64 65 83 84 85 86 91 92 93 94 100 101 102 1252 1253 
	}
}
tjalle={
	location=178
	color={
		51 69 168 
	}
	outgoing={
		name="varsk_sea"
		path={
			1269 1270 1266 1267 
		}
		control={
			3103.000000 1798.000000 
		}
	}
	members={
		152 153 154 163 164 165 166 167 168 169 171 172 173 174 175 176 177 178 179 180 181 1269 1270 
	}
}
varsk_sea={
	location=1267
	color={
		201 185 131 
	}
	outgoing={
		name="hreimgild"
		path={
			1266 1271 183 
		}
		control={
			3146.000000 1832.000000 
		}
	}
	members={
		103 104 105 106 107 108 109 110 111 112 113 114 115 116 117 118 119 120 121 122 123 124 125 1255 1256 1261 1264 1265 1267 1268 
	}
}
hreimgild={
	location=183
	color={
		54 167 156 
	}
	members={
		182 183 184 185 194 195 219 220 221 222 1271 1266 1307 1315 1316 1318 224 223 225 
	}
	end=yes
}
laurien_td={
	location=365
	color={
		210 46 28 
	}
	inland=yes
	outgoing={
		name="karsan_td"
		path={
			367 368 424 437 449 
		}
		control={
			2934.000000 1618.000000 
		}
	}
	outgoing={
		name="rossland_td"
		path={
			367 373 376 428 429 479 482 
		}
		control={
			2924.000000 1575.000000 
		}
	}
	outgoing={
		name="syllos_td"
		path={
			367 373 376 381 383 389 388 391 
		}
		control={
			2889.000000 1577.000000 
		}
	}
	members={
		355 356 357 358 359 360 361 362 363 364 365 366 367 368 369 370 371 372 373 374 375 376 
	}
}
rossland_td={
	location=482
	color={
		97 220 117 
	}
	inland=yes
	outgoing={
		name="karsan_td"
		path={
			475 472 470 466 463 462 461 
		}
		control={
			2971.000000 1546.000000 
		}
	}
	outgoing={
		name="syllos_td"
		path={
			479 429 395 396 391 
		}
		control={
			2904.379883 1496.310059 
		}
	}
	members={
		427 428 429 430 431 473 474 475 476 477 478 479 480 481 482 483 484 485 486 487 488 489 432 433 435 434 436 466 467 468 469 470 471 472 
	}
}
old_tevan_td={
	location=521
	inland=yes
	outgoing={
		name="tradeshore_td"
		path={
			576 560 1342 
		}
		control={
			3122.000000 1538.000000 
		}
	}
	outgoing={
		name="murlocke_td"
		path={
			527 526 525 523 
		}
		control={
			3009.000000 1508.000000 
		}
	}
	outgoing={
		name="rhydon_td"
		path={
			530 531 532 641 643 646 
		}
		control={
			3071.000000 1465.000000 
		}
	}
	outgoing={
		name="karsan_td"
		path={
			581 579 507 508 465 461 
		}
		control={
			3037.000000 1576.000000 
		}
	}
	members={
		510 516 517 518 519 520 521 527 528 529 530 531 532 575 576 577 502 503 504 505 506 507 508 509 511 512 513 514 515 573 574 578 579 580 581 582 583 584 
	}
}
karsan_td={
	location=461
	color={
		114 171 184 
	}
	inland=yes
	outgoing={
		name="murlocke_td"
		path={
			464 467 501 499 497 522 523 
		}
		control={
			2998.000000 1524.000000 
		}
	}
	members={
		440 442 443 444 455 456 457 458 459 460 461 462 463 464 465 421 422 423 424 425 426 437 438 439 441 445 446 447 448 449 450 451 452 453 454 
	}
}
syllos_td={
	location=410
	inland=yes
	outgoing={
		name="murlocke_td"
		path={
			417 418 420 651 636 523 
		}
		control={
			2992.000000 1458.000000 
		}
	}
	outgoing={
		name="litz_td"
		path={
			417 418 416 656 658 660 662 
		}
		control={
			2944.000000 1427.000000 
		}
	}
	members={
		401 402 403 404 405 406 407 408 409 410 411 412 413 414 415 416 417 418 419 420 377 378 379 380 381 382 383 384 385 386 387 388 389 390 391 392 393 394 395 396 397 398 399 400 
	}
}
litz_td={
	location=662
	inland=yes
	outgoing={
		name="murlocke_td"
		path={
			660 681 654 638 636 523 
		}
		control={
			2999.000000 1458.000000 
		}
	}
	outgoing={
		name="bergen_td"
		path={
			667 669 716 719 734 736 
		}
		control={
			2941.000000 1347.000000 
		}
	}
	outgoing={
		name="cidersprings_td"
		path={
			660 681 654 638 636 523 
		}
		control={
			2883.000000 1347.000000 2853.000000 1356.000000 
		}
	}
	members={
		655 656 657 658 659 660 661 662 663 664 665 667 668 669 670 671 681 682 683 684 720 721 722 666 672 715 716 717 718 719 
	}
}
murlocke_td={
	location=523
	inland=yes
	outgoing={
		name="rhydon_td"
		path={
			524 639 642 645 646 
		}
		control={
			3022.000000 1443.000000 
		}
	}
	members={
		490 491 492 493 494 495 496 497 498 499 500 501 522 523 524 525 526 636 637 638 639 651 652 653 654 
	}
}
rhydon_td={
	location=646
	outgoing={
		name="dalian_coast_td"
		path={
			650 685 691 690 699 1353 1354 712 
		}
		control={
			3058.000000 1342.000000 
		}
	}
	outgoing={
		name="thyesse_td"
		path={
			647 610 609 607 605 599 1350 1349 
		}
		control={
			3085.000000 1366.000000 3148.000000 1356.000000 
		}
	}
	members={
		608 609 610 611 612 640 641 642 643 644 645 646 647 648 649 650 686 687 688 689 690 691 692 693 694 695 696 697 698 685 
	}
}
thyesse_td={
	location=1349
	outgoing={
		name="tradeshore_td"
		path={
			598 597 1346 1344 
		}
		control={
			3189.000000 1347.000000 3220.000000 1395.000000 
		}
	}
	outgoing={
		name="dalian_coast_td"
		path={
			629 631 1354 712 
		}
		control={
			3138.000000 1356.000000 3093.000000 1351.000000 3089.000000 1331.000000 
		}
	}
	members={
		585 586 587 588 589 590 591 592 593 594 595 596 597 598 599 600 601 602 603 604 605 606 607 613 614 615 1349 1350 1348 1347 616 617 618 619 620 621 622 623 624 625 626 627 628 629 630 631 632 633 634 635 1352 1351 1357 1356 
	}
}
bergen_td={
	location=736
	inland=yes
	outgoing={
		name="dalian_coast_td"
		path={
			766 768 770 776 1355 1354 712 
		}
		control={
			2988.000000 1300.000000 3059.000000 1285.000000 3082.000000 1303.000000 3081.000000 1320.000000 
		}
	}
	outgoing={
		name="riverfall_td"
		path={
			762 758 755 754 821 824 
		}
		control={
			2963.000000 1294.000000 2935.000000 1286.000000 
		}
	}
	members={
		723 724 725 726 727 728 729 730 731 732 733 734 735 736 737 738 739 740 741 742 743 744 745 746 747 748 749 750 751 752 753 754 755 756 757 758 759 760 761 762 763 765 766 767 768 769 770 771 772 
	}
}
cidersprings_td={
	location=674
	inland=yes
	outgoing={
		name="riverfall_td"
		path={
			867 866 862 860 859 827 826 825 824 
		}
		control={
			2854.000000 1358.000000 2884.000000 1327.000000 
		}
	}
	outgoing={
		name="rivnyyr_td"
		path={
			867 866 865 863 845 
		}
		control={
			2851.000000 1354.000000 
		}
	}
	members={
		673 674 675 676 677 2573 2574 2575 2576 860 861 862 865 864 866 867 868 869 870 871 873 874 875 878 880 882 883 884 858 857 879 
	}
}
rivnyyr_td={
	location=845
	inland=yes
	outgoing={
		name="riverfall_td"
		path={
			853 852 851 849 827 826 825 824 
		}
		control={
			2887.000000 1311.000000 
		}
	}
	outgoing={
		name="doron_td"
		path={
			844 843 2909 2919 2906 
		}
		control={
			2825.000000 1273.000000 
		}
	}
	members={
		828 829 831 832 830 838 839 840 841 842 843 844 845 846 850 851 852 853 854 863 881 877 872 876 
	}
}
riverfall_td={
	location=824
	inland=yes
	outgoing={
		name="redwayne_td"
		path={
			823 822 820 806 804 803 802 801 800 791 792 
		}
		control={
			2982.000000 1270.000000 
		}
	}
	members={
		811 812 810 813 814 815 816 817 818 819 820 821 822 823 824 825 826 827 834 835 836 837 848 847 849 855 856 859 833 
	}
}
doron_td={
	location=2906
	outgoing={
		name="tauria_td"
		path={
			2907 2890 2889 955 965 971 
		}
		control={
			2824.000000 1229.000000 
		}
	}
	outgoing={
		name="hava_td"
		path={
			2907 2890 2891 2892 1911 1005 1009 1010 1011 1001 
		}
		control={
			2713.000000 1204.000000 2696.000000 1169.000000 2686.000000 1128.000000 2694.000000 1112.000000 2707.000000 1061.000000 2759.000000 1028.000000 2835.000000 1029.000000 
		}
	}
	members={
		2847 2846 2848 2849 2850 2851 2852 2853 2886 2887 2888 2889 2890 2891 2892 2893 2894 2895 2899 2896 2897 2898 2900 2901 2903 2904 2905 2906 2907 2908 2909 
	}
}
redwayne_td={
	location=792
	outgoing={
		name="dalian_coast_td"
		path={
			738 786 784 781 1358 1355 1354 712 
		}
		control={
			3036.000000 1269.000000 3073.000000 1288.000000 3081.000000 1315.000000 
		}
	}
	outgoing={
		name="goldvale_td"
		path={
			794 788 885 903 
		}
		control={
			3021.000000 1239.000000 
		}
	}
	members={
		773 781 782 783 784 785 786 787 788 789 790 791 792 793 794 795 796 797 798 799 800 801 802 803 804 805 806 807 808 809 1358 
	}
}
tauria_td={
	location=971
	inland=yes
	outgoing={
		name="lestia_td"
		path={
			973 1019 1203 1022 1027 1054 1053 1052 
		}
		control={
			2903.000000 1126.000000 2920.000000 1144.000000 
		}
	}
	outgoing={
		name="hava_td"
		path={
			973 979 981 1284 990 1007 1008 999 1001 
		}
		control={
			2829.000000 1129.000000 
		}
	}
	members={
		951 952 953 954 955 956 957 958 959 960 961 962 963 964 965 966 967 968 969 970 971 972 973 974 975 976 977 978 979 980 981 982 983 984 987 991 934 935 936 937 938 939 940 941 942 945 944 943 946 
	}
}
goldvale_td={
	location=903
	inland=yes
	outgoing={
		name="lestia_td"
		path={
			904 905 906 907 908 912 913 915 916 921 1042 1056 1050 1052 
		}
		control={
			2957.000000 1215.000000 
		}
	}
	outgoing={
		name="narcetia_td"
		path={
			891 890 889 888 1359 1360 
		}
		control={
			3094.000000 1213.000000 3131.000000 1115.000000 
		}
	}
	members={
		885 886 889 890 891 892 893 894 895 896 897 898 899 901 903 904 905 906 907 908 909 910 911 912 913 914 915 916 917 918 919 922 923 924 925 926 927 928 929 930 931 932 933 887 888 1141 1142 1143 1144 
	}
}
lestia_td={
	location=1052
	inland=yes
	outgoing={
		name="cabrea_td"
		path={
			1050 1046 1047 1048 1063 1283 1065 1128 1129 1126 
		}
		control={
			2975.000000 1147.000000 
		}
	}
	outgoing={
		name="greater_cothone_td"
		path={
			1053 1054 1027 1028 1029 1074 1076 1083 1086 1364 
		}
		control={
			2907.000000 1125.000000 2987.000000 1098.000000 2995.000000 1042.000000 2983.000000 1033.000000 
		}
	}
	members={
		920 921 1017 1018 1019 1020 1021 1022 1023 1024 1025 1026 1027 1028 1029 1042 1043 1044 1045 1046 1047 1048 1049 1050 1051 1052 1053 1054 1055 1056 1057 1058 1059 1060 1061 1062 1063 1064 1067 1068 1069 947 948 949 950 
	}
}
hava_td={
	location=1001
	outgoing={
		name="greater_cothone_td"
		path={
			1366 1365 1364 
		}
		control={
			2853.000000 1030.000000 
		}
	}
	members={
		985 986 988 989 990 992 993 994 995 996 997 998 999 1000 1001 1002 1003 1004 1005 1006 1007 1008 1009 1010 1011 1012 1013 1014 1015 1016 1366 3475 3476 3477 3478 3479 3480 3481 3482 3483 3484 3485 3486 3487 3488 3489 3490 3491 3517 1480 1626 
	}
}
cabrea_td={
	location=1126
	inland=yes
	outgoing={
		name="greater_cothone_td"
		path={
			1129 1130 1110 1107 1180 1181 1093 1107 1103 1104 1105 1364 
		}
		control={
			2990.000000 1098.000000 2999.000000 1039.000000 
		}
	}
	outgoing={
		name="narcetia_td"
		path={
			1116 1112 1114 119 1120 1169 1180 1181 1178 1362 
		}
		control={
			3041.000000 1074.000000 
		}
	}
	members={
		900 902 1065 1066 1070 1071 1072 1107 1108 1109 1110 1111 1112 1113 1114 1115 1116 1117 1123 1124 1125 1126 1127 1128 1129 1130 1131 1132 1133 1134 1135 1136 1137 1138 1139 1140 
	}
}
greater_cothone_td={
	location=1364
	inland=yes
	outgoing={
		name="narcetia_td"
		path={
			1363 1362 
		}
		control={
			3065.000000 1036.000000 
		}
	}
	members={
		1033 1032 1031 1030 1034 1035 1036 1037 1038 1039 1040 1041 1073 1074 1075 1076 1077 1078 1079 1080 1081 1082 1083 1084 1085 1086 1087 1088 1089 1090 1091 1092 1093 1094 1095 1096 1097 1098 1099 1100 1101 1102 1103 1104 1105 1106 1365 1364 
	}
}
tradeshore_td={
	location=1342
	members={
		548 549 550 551 554 555 557 558 559 560 561 562 563 564 565 566 567 568 569 570 571 572 1341 1342 1343 1367 1338 1337 1368 1369 533 534 535 536 537 538 539 540 541 542 543 544 545 546 547 1345 1346 1344 1371 1372 1373 552 553 556 
	}
	end=yes
}
dalian_coast_td={
	location=712
	members={
		699 700 701 702 703 704 705 706 707 708 709 710 711 712 713 714 764 775 774 776 777 778 780 779 1353 1354 1355 
	}
	end=yes
}
narcetia_td={
	location=1362
	members={
		1118 1119 1120 1121 1122 1161 1162 1163 1164 1165 1166 1167 1168 1169 1170 1171 1172 1173 1174 1175 1176 1177 1178 1179 1180 1181 1182 1183 1184 1185 1186 1187 1188 1189 1363 1362 1361 1145 1146 1147 1148 1149 1150 1151 1152 1153 1154 1155 1156 1157 1158 1159 1160 1359 1360 
	}
	end=yes
}
