highlands={
	location=320
	color={
		220 138 57 
	}
	inland=yes
	outgoing={
		name="southern_interior"
		path={
			294 292 76 77 
		}
		control={
			2868.000000 1732.000000 
		}
	}
	outgoing={
		name="dunland"
		path={
			319 315 314 313 251 252 
		}
		control={
			2938.000000 1692.000000 2966.000000 1692.000000 2979.000000 1690.000000 
		}
	}
	outgoing={
		name="achakk_td"
		path={
			309 308 304 302 323 325 334 336 339 
		}
		control={
			2817.000000 1687.000000 
		}
	}
	members={
		288 289 290 291 292 293 294 295 296 297 298 299 300 301 302 303 304 305 306 307 308 309 310 311 312 313 314 315 316 317 318 319 320 
	}
}
nuqitut={
	location=1208
	color={
		190 70 70 
	}
	outgoing={
		name="drengyr"
		path={
			1300 1264 1232 149 
		}
		control={
			3097.000000 1938.000000 3037.000000 1931.000000 2961.000000 1931.000000 
		}
	}
	outgoing={
		name="hreimgild"
		path={
			1300 1264 1307 1217 183 
		}
		control={
			3103.000000 1928.000000 
		}
	}
	members={
		1190 1191 1192 1193 1194 1195 1196 1197 1198 1199 1200 1201 1202 1203 1204 1205 1206 1207 1208 1209 1210 1211 1212 1213 1214 1300 1301 1302 1304 1305 1306 
	}
}
dunland={
	location=252
	color={
		193 26 14 
	}
	inland=yes
	outgoing={
		name="black_bay"
		path={
			248 247 244 1328 
		}
		control={
			3021.000000 1709.000000 
		}
	}
	outgoing={
		name="avanshyre"
		path={
			250 273 282 271 296 
		}
		control={
			3010.000000 1662.000000 
		}
	}
	members={
		224 223 225 232 236 233 234 238 239 240 241 242 249 248 250 251 252 273 274 
	}
}
ywekan_sea={
	location=1325
	color={
		218 215 56 
	}
	outgoing={
		name="hreimgild"
		path={
			1319 1318 1317 1316 183 
		}
		control={
			3170.000000 1745.000000 
		}
	}
	outgoing={
		name="black_bay"
		path={
			1319 1318 1327 1328 
		}
		control={
			3156.000000 1737.000000 
		}
	}
	members={
		186 187 188 189 190 191 192 193 196 197 198 199 200 201 202 203 204 205 206 207 208 209 210 211 212 213 214 215 216 217 218 1312 1313 1314 1319 1320 1321 1322 1323 1324 1325 1331 1332 1333 1334 1335 1336 
	}
}
black_bay={
	location=1328
	color={
		36 132 247 
	}
	outgoing={
		name="avanshyre"
		path={
			1327 1329 1340 
		}
		control={
			3068.000000 1717.000000 
		}
	}
	outgoing={
		name="hreimgild"
		path={
			1327 1317 1316 183 
		}
		control={
			3074.000000 1734.000000 3072.000000 1780.000000 
		}
	}
	members={
		226 227 228 229 230 231 235 237 243 244 245 246 247 253 254 258 259 260 262 263 264 265 257 256 255 266 1317 1326 1327 1328 1329 1330 
	}
}
avanshyre={
	location=1340
	color={
		57 160 101 
	}
	outgoing={
		name="grayle_td"
		path={
			276 279 280 582 583 
		}
		control={
			3037.000000 1616.000000 
		}
	}
	outgoing={
		name="tradeshore_td"
		path={
			1341 1342 
		}
		control={
			3061.000000 1582.000000 
		}
	}
	members={
		267 272 268 261 269 270 271 275 276 277 278 279 280 281 282 283 284 285 286 287 1339 1340 
	}
}
drengyr={
	location=149
	color={
		40 45 60 
	}
	outgoing={
		name="varsk_sea"
		path={
			1262 1265 1267 
		}
		control={
			2951.000000 1923.000000 
		}
	}
	members={
		126 127 128 129 130 131 132 133 134 135 136 137 138 139 140 141 142 143 144 145 146 147 148 149 150 151 1259 1263 
	}
}
north_varland={
	location=21
	color={
		84 162 167 
	}
	outgoing={
		name="varsk_sea"
		path={
			19 17 1254 1255 1267 
		}
		control={
			2828.000000 1887.000000 2854.000000 1871.000000 2891.000000 1871.000000 2916.000000 1856.000000 
		}
	}
	members={
		1 2 3 4 5 6 7 8 9 10 11 12 13 14 15 16 17 18 19 20 21 22 23 24 25 26 27 28 29 30 31 32 33 34 35 36 37 38 39 40 1258 1260 1254 
	}
}
southern_interior={
	location=77
	color={
		255 128 64 
	}
	inland=yes
	outgoing={
		name="jarlgraf_bay"
		path={
			75 74 88 70 64 1252 
		}
		control={
			2839.000000 1771.000000 
		}
	}
	outgoing={
		name="tjalle"
		path={
			75 18 81 159 160 162 173 1251 178 
		}
		control={
			2918.000000 1762.000000 
		}
	}
	members={
		66 67 68 69 70 71 72 73 74 75 76 77 78 79 80 81 82 87 88 89 90 95 96 97 98 99 155 156 157 158 170 159 160 161 162 
	}
}
jarlgraf_bay={
	location=1252
	color={
		191 87 197 
	}
	outgoing={
		name="varsk_sea"
		path={
			1253 1256 1255 1267 
		}
		control={
			2839.000000 1828.000000 2893.000000 1845.000000 2905.000000 1853.000000 2912.000000 1851.000000 
		}
	}
	members={
		41 42 43 44 45 46 47 48 49 50 51 52 53 54 55 56 57 58 59 60 61 62 63 64 65 83 84 85 86 91 92 93 94 100 101 102 1252 1253 
	}
}
tjalle={
	location=178
	color={
		51 69 168 
	}
	outgoing={
		name="varsk_sea"
		path={
			1269 1270 1266 1267 
		}
		control={
			3011.000000 1808.000000 
		}
	}
	members={
		152 153 154 163 164 165 166 167 168 169 171 172 173 174 175 176 177 178 179 180 181 1269 1270 
	}
}
varsk_sea={
	location=1267
	color={
		201 185 131 
	}
	outgoing={
		name="hreimgild"
		path={
			1266 1271 183 
		}
		control={
			3006.000000 1850.000000 
		}
	}
	members={
		103 104 105 106 107 108 109 110 111 112 113 114 115 116 117 118 119 120 121 122 123 124 125 1255 1256 1261 1264 1265 1267 1268 
	}
}
hreimgild={
	location=183
	color={
		54 167 156 
	}
	members={
		182 183 184 185 194 195 219 220 221 222 1271 1266 1307 1315 1316 1318 
	}
	end=yes
}
achakk_td={
	location=339
	inland=yes
	outgoing={
		name="laurien_td"
		path={
			336 359 363 365 
		}
		control={
			2785.000000 1653.000000 
		}
	}
	members={
		321 322 323 324 325 326 327 328 329 330 331 332 333 334 335 336 337 338 339 340 341 342 343 344 345 346 347 348 349 350 351 352 353 354 
	}
}
laurien_td={
	location=365
	color={
		210 46 28 
	}
	inland=yes
	outgoing={
		name="northlands_td"
		path={
			367 368 424 437 449 
		}
		control={
			2856.000000 1620.000000 
		}
	}
	outgoing={
		name="rossland_td"
		path={
			367 373 376 428 429 479 482 
		}
		control={
			2831.000000 1592.000000 
		}
	}
	outgoing={
		name="upper_syllos_td"
		path={
			367 373 376 381 383 389 388 391 
		}
		control={
			2796.000000 1574.000000 
		}
	}
	members={
		355 356 357 358 359 360 361 362 363 364 365 366 367 368 369 370 371 372 373 374 375 376 
	}
}
northlands_td={
	location=449
	color={
		193 192 14 
	}
	inland=yes
	outgoing={
		name="karsan_td"
		path={
			453 459 461 
		}
		control={
			2899.000000 1590.000000 
		}
	}
	outgoing={
		name="grayle_td"
		path={
			454 505 506 504 581 583 
		}
		control={
			2951.000000 1612.000000 
		}
	}
	members={
		421 422 423 424 425 426 437 438 439 441 445 446 447 448 449 450 451 452 453 454 
	}
}
rossland_td={
	location=482
	color={
		97 220 117 
	}
	inland=yes
	outgoing={
		name="karsan_td"
		path={
			475 472 470 466 463 462 461 
		}
		control={
			2888.000000 1547.000000 
		}
	}
	outgoing={
		name="upper_syllos_td"
		path={
			479 429 395 396 391 
		}
		control={
			2798.000000 1542.000000 
		}
	}
	members={
		427 428 429 430 431 473 474 475 476 477 478 479 480 481 482 483 484 485 486 487 488 489 
	}
}
grayle_td={
	location=583
	color={
		193 26 14 
	}
	inland=yes
	outgoing={
		name="karsan_td"
		path={
			581 579 507 508 465 461 
		}
		control={
			2941.000000 1592.000000 
		}
	}
	outgoing={
		name="old_tevan_td"
		path={
			581 579 578 577 520 521 
		}
		control={
			2999.000000 1565.000000 
		}
	}
	outgoing={
		name="tradeshore_td"
		path={
			580 573 571 1341 1342 
		}
		control={
			3016.000000 1571.000000 
		}
	}
	members={
		502 503 504 505 506 507 508 509 511 512 513 514 515 573 574 578 579 580 581 582 583 584 
	}
}
karsan_td={
	location=461
	color={
		114 171 184 
	}
	inland=yes
	outgoing={
		name="murlocke_td"
		path={
			464 467 501 499 497 522 523 
		}
		control={
			2916.000000 1511.000000 
		}
	}
	members={
		432 433 435 434 436 440 442 443 444 455 456 457 458 459 460 461 462 463 464 465 466 467 468 469 470 471 472 
	}
}
upper_syllos_td={
	location=391
	inland=yes
	outgoing={
		name="lower_syllos_td"
		path={
			394 398 399 408 409 410 
		}
		control={
			2792.000000 1498.000000 
		}
	}
	members={
		377 378 379 380 381 382 383 384 385 386 387 388 389 390 391 392 393 394 395 396 397 398 399 400 
	}
}
lower_syllos_td={
	location=410
	inland=yes
	outgoing={
		name="murlocke_td"
		path={
			417 418 420 651 636 523 
		}
		control={
			2916.000000 1454.000000 
		}
	}
	outgoing={
		name="litz_td"
		path={
			417 418 416 656 658 660 662 
		}
		control={
			2853.000000 1439.000000 
		}
	}
	members={
		401 402 403 404 405 406 407 408 409 410 411 412 413 414 415 416 417 418 419 420 
	}
}
old_tevan_td={
	location=521
	inland=yes
	outgoing={
		name="tradeshore_td"
		path={
			576 560 1342 
		}
		control={
			3034.000000 1537.000000 
		}
	}
	outgoing={
		name="murlocke_td"
		path={
			527 526 525 523 
		}
		control={
			2931.000000 1519.000000 
		}
	}
	outgoing={
		name="brongs_td"
		path={
			530 531 532 533 535 539 1344 
		}
		control={
			2993.000000 1482.000000 
		}
	}
	outgoing={
		name="rhydon_td"
		path={
			530 531 532 641 643 646 
		}
		control={
			2979.000000 1445.000000 
		}
	}
	members={
		510 516 517 518 519 520 521 527 528 529 530 531 532 552 553 556 575 576 577 
	}
}
litz_td={
	location=662
	inland=yes
	outgoing={
		name="murlocke_td"
		path={
			660 681 654 638 636 523 
		}
		control={
			2919.000000 1454.000000 
		}
	}
	outgoing={
		name="bergen_td"
		path={
			667 669 716 719 734 736 
		}
		control={
			2852.000000 1357.000000 
		}
	}
	outgoing={
		name="highwater_td"
		path={
			660 681 654 638 636 523 
		}
		control={
			2825.000000 1353.000000 
		}
	}
	members={
		655 656 657 658 659 660 661 662 663 664 665 667 668 669 670 671 681 682 683 684 720 721 722 
	}
}
murlocke_td={
	location=523
	inland=yes
	outgoing={
		name="rhydon_td"
		path={
			524 639 642 645 646 
		}
		control={
			2940.000000 1438.000000 
		}
	}
	members={
		490 491 492 493 494 495 496 497 498 499 500 501 522 523 524 525 526 636 637 638 639 651 652 653 654 
	}
}
rhydon_td={
	location=646
	outgoing={
		name="dalian_coast_td"
		path={
			650 685 691 690 699 1353 1354 712 
		}
		control={
			2984.060059 1352.729980 
		}
	}
	outgoing={
		name="thyesse_td"
		path={
			647 610 609 607 605 599 1350 1349 
		}
		control={
			3045.000000 1389.000000 3066.000000 1388.000000 
		}
	}
	members={
		608 609 610 611 612 640 641 642 643 644 645 646 647 648 649 650 686 687 688 689 690 691 692 693 694 695 696 697 698 685 
	}
}
ouc_edess_td={
	location=628
	outgoing={
		name="thyesse_td"
		path={
			627 1351 1349 
		}
		control={
			3068.000000 1358.000000 
		}
	}
	outgoing={
		name="dalian_coast_td"
		path={
			629 631 1354 712 
		}
		control={
			3058.000000 1355.000000 3001.000000 1348.000000 2998.000000 1326.000000 
		}
	}
	members={
		616 617 618 619 620 621 622 623 624 625 626 627 628 629 630 631 632 633 634 635 1352 1351 1357 1356 
	}
}
thyesse_td={
	location=1349
	outgoing={
		name="brongs_td"
		path={
			598 597 1346 1344 
		}
		control={
			3098.000000 1350.000000 3133.000000 1383.000000 
		}
	}
	members={
		585 586 587 588 589 590 591 592 593 594 595 596 597 598 599 600 601 602 603 604 605 606 607 613 614 615 1349 1350 1348 1347 
	}
}
brongs_td={
	location=1344
	color={
		117 165 188 
	}
	outgoing={
		name="tradeshore_td"
		path={
			1343 1342 
		}
		control={
			3062.000000 1464.000000 3071.000000 1505.000000 
		}
	}
	members={
		533 534 535 536 537 538 539 540 541 542 543 544 545 546 547 1345 1346 1344 1371 1372 1373 
	}
}
bergen_td={
	location=736
	inland=yes
	outgoing={
		name="tanne_river_td"
		path={
			739 744 757 758 762 765 
		}
		control={
			2893.000000 1301.000000 
		}
	}
	members={
		715 716 717 718 719 723 724 725 726 727 728 729 730 731 732 733 734 735 736 737 738 739 740 741 742 743 744 745 746 747 748 749 750 
	}
}
tanne_river_td={
	location=765
	inland=yes
	outgoing={
		name="dalian_coast_td"
		path={
			766 768 770 776 1355 1354 712 
		}
		control={
			2977.000000 1290.000000 2994.000000 1294.000000 2994.000000 1321.000000 
		}
	}
	outgoing={
		name="riverfall_td"
		path={
			762 758 755 754 821 824 
		}
		control={
			2880.000000 1289.000000 2865.000000 1277.000000 
		}
	}
	members={
		666 672 751 752 753 754 755 756 757 758 759 760 761 762 763 765 766 767 768 769 770 771 772 
	}
}
highwater_td={
	location=868
	inland=yes
	outgoing={
		name="riverfall_td"
		path={
			867 866 862 860 859 827 826 825 824 
		}
		control={
			2807.000000 1309.000000 
		}
	}
	outgoing={
		name="rivnyyr_td"
		path={
			867 866 865 863 845 
		}
		control={
			2778.000000 1308.000000 
		}
	}
	members={
		673 674 675 676 677 860 861 862 865 864 866 867 868 869 870 871 873 874 875 878 880 882 883 884 858 857 879 
	}
}
rivnyyr_td={
	location=845
	inland=yes
	outgoing={
		name="riverfall_td"
		path={
			853 852 851 849 827 826 825 824 
		}
		control={
			2792.000000 1314.000000 
		}
	}
	members={
		828 829 831 832 830 838 839 840 841 842 843 844 845 846 850 851 852 853 854 863 881 877 872 876 
	}
}
riverfall_td={
	location=824
	inland=yes
	outgoing={
		name="redwayne_td"
		path={
			823 822 820 806 804 803 802 801 800 791 792 
		}
		control={
			2915.000000 1266.000000 
		}
	}
	members={
		811 812 810 813 814 815 816 817 818 819 820 821 822 823 824 825 826 827 834 835 836 837 848 847 849 855 856 859 833 
	}
}
redwayne_td={
	location=792
	outgoing={
		name="dalian_coast_td"
		path={
			738 786 784 781 1358 1355 1354 712 
		}
		control={
			2964.000000 1284.000000 2991.000000 1285.000000 2994.000000 1320.000000 
		}
	}
	outgoing={
		name="goldvale_td"
		path={
			794 788 885 903 
		}
		control={
			2944.000000 1224.000000 
		}
	}
	members={
		773 781 782 783 784 785 786 787 788 789 790 791 792 793 794 795 796 797 798 799 800 801 802 803 804 805 806 807 808 809 1358 
	}
}
sanctum_td={
	location=941
	inland=yes
	outgoing={
		name="goldvale_td"
		path={
			928 927 926 913 912 908 907 906 905 904 903 
		}
		control={
			2876.000000 1220.000000 
		}
	}
	outgoing={
		name="lestia_td"
		path={
			942 947 948 1043 1045 1052 
		}
		control={
			2827.000000 1172.000000 
		}
	}
	outgoing={
		name="tauria_td"
		path={
			946 945 960 961 968 971 
		}
		control={
			2774.000000 1188.000000 
		}
	}
	members={
		922 923 924 925 926 927 928 929 930 931 932 933 934 935 936 937 938 939 940 941 942 945 944 943 946 947 948 949 950 
	}
}
tauria_td={
	location=971
	inland=yes
	outgoing={
		name="lestia_td"
		path={
			973 1019 1203 1022 1027 1054 1053 1052 
		}
		control={
			2799.000000 1153.000000 2816.000000 1128.000000 
		}
	}
	outgoing={
		name="hava_td"
		path={
			973 979 981 1284 990 1007 1008 999 1001 
		}
		control={
			2740.000000 1109.000000 
		}
	}
	members={
		951 952 953 954 955 956 957 958 959 960 961 962 963 964 965 966 967 968 969 970 971 972 973 974 975 976 977 978 979 980 981 982 983 984 987 991 
	}
}
goldvale_td={
	location=903
	inland=yes
	outgoing={
		name="lestia_td"
		path={
			904 905 906 907 908 912 913 915 916 921 1042 1056 1050 1052 
		}
		control={
			2870.000000 1218.000000 
		}
	}
	outgoing={
		name="ganymera_td"
		path={
			891 890 889 888 1359 1360 
		}
		control={
			3008.000000 1216.000000 
		}
	}
	members={
		885 886 889 890 891 892 893 894 895 896 897 898 899 901 903 904 905 906 907 908 909 910 911 912 913 914 915 916 917 918 919 
	}
}
lestia_td={
	location=1052
	inland=yes
	outgoing={
		name="cabrea_td"
		path={
			1050 1046 1047 1048 1063 1283 1065 1128 1129 1126 
		}
		control={
			2899.000000 1149.000000 
		}
	}
	outgoing={
		name="greather_cothone_td"
		path={
			1053 1054 1027 1028 1029 1074 1076 1083 1086 1364 
		}
		control={
			2816.000000 1118.000000 2854.000000 1097.000000 2898.000000 1088.000000 2906.000000 1044.000000 
		}
	}
	members={
		920 921 1017 1018 1019 1020 1021 1022 1023 1024 1025 1026 1027 1028 1029 1042 1043 1044 1045 1046 1047 1048 1049 1050 1051 1052 1053 1054 1055 1056 1057 1058 1059 1060 1061 1062 1063 1064 1067 1068 1069 
	}
}
hava_td={
	location=1001
	outgoing={
		name="greather_cothone_td"
		path={
			1366 1365 1364 
		}
		control={
			2788.000000 1036.000000 
		}
	}
	members={
		985 986 988 989 990 992 993 994 995 996 997 998 999 1000 1001 1002 1003 1004 1005 1006 1007 1008 1009 1010 1011 1012 1013 1014 1015 1016 1366 
	}
}
cabrea_td={
	location=1126
	inland=yes
	outgoing={
		name="greather_cothone_td"
		path={
			1129 1130 1110 1107 1180 1181 1093 1107 1103 1104 1105 1364 
		}
		control={
			2911.000000 1105.000000 2901.000000 1044.000000 
		}
	}
	outgoing={
		name="ganymera_td"
		path={
			1125 1123 1132 1133 1134 1147 1146 1150 1154 1360 
		}
		control={
			2975.000000 1174.000000 2992.000000 1179.000000 3014.000000 1161.000000 
		}
	}
	outgoing={
		name="narcetia_td"
		path={
			1116 1112 1114 119 1120 1169 1180 1181 1178 1362 
		}
		control={
			2942.000000 1128.000000 
		}
	}
	members={
		900 902 1065 1066 1070 1071 1072 1107 1108 1109 1110 1111 1112 1113 1114 1115 1116 1117 1123 1124 1125 1126 1127 1128 1129 1130 1131 1132 1133 1134 1135 1136 1137 1138 1139 1140 
	}
}
ganymera_td={
	location=1360
	outgoing={
		name="narcetia_td"
		path={
			1361 1362 
		}
		control={
			3036.000000 1091.000000 
		}
	}
	members={
		887 888 1141 1142 1143 1144 1145 1146 1147 1148 1149 1150 1151 1152 1153 1154 1155 1156 1157 1158 1159 1160 1359 1360 
	}
}
greather_cothone_td={
	location=1364
	inland=yes
	outgoing={
		name="narcetia_td"
		path={
			1363 1362 
		}
		control={
			2961.000000 1038.000000 
		}
	}
	members={
		1033 1032 1031 1030 1034 1035 1036 1037 1038 1039 1040 1041 1073 1074 1075 1076 1077 1078 1079 1080 1081 1082 1083 1084 1085 1086 1087 1088 1089 1090 1091 1092 1093 1094 1095 1096 1097 1098 1099 1100 1101 1102 1103 1104 1105 1106 1365 1364 
	}
}
tradeshore_td={
	location=1342
	members={
		548 549 550 551 554 555 557 558 559 560 561 562 563 564 565 566 567 568 569 570 571 572 1341 1342 1343 1367 1338 1337 1368 1369 
	}
	end=yes
}
dalian_coast_td={
	location=712
	members={
		699 700 701 702 703 704 705 706 707 708 709 710 711 712 713 714 764 775 774 776 777 778 780 779 1353 1354 1355 
	}
	end=yes
}
narcetia_td={
	location=1362
	members={
		1118 1119 1120 1121 1122 1161 1162 1163 1164 1165 1166 1167 1168 1169 1170 1171 1172 1173 1174 1175 1176 1177 1178 1179 1180 1181 1182 1183 1184 1185 1186 1187 1188 1189 1363 1362 1361 
	}
	end=yes
}
